Central server contains 5200 number of recors
First node contains 2842 number of recors
Second node contains 2843 number of recors
Coefficients before iterations start are: [ 0.0216358   0.22843066  0.36183711  0.86910588  3.50070821  3.00057885
  1.82560385  0.53803323  0.45747878  0.27306922  1.1601112  -0.11292471
  0.62010708  0.32833225  0.27338948 -6.33305999]
Coefficients after iteration 1 are: [ -1.34099048 -33.92517169  -5.90773775  -7.70087335  80.76463643
 -19.99801612 -12.76845156 -15.74049099   1.30645306  39.43803809
  60.44597785 -17.35005384  58.07579929 -19.84156409  44.70693144
  -9.71886935]
Coefficients after iteration 2 are: [   2.2985467   -33.07398013  -53.4734536   -17.52951229  242.20099055
   15.75434378  116.15425181   52.2602583    44.96759009  149.16295199
  260.01737401  -21.27581955  179.41179315  -22.2058933    26.98267269
 -344.44473296]
Coefficients after iteration 3 are: [  -0.66340583  -74.20988339  -52.58404476  -13.80960637  389.20278386
  -40.47526611  122.14417968   28.95556754   61.10083853  175.65285678
  306.69954873  -25.85030644  283.49653531  -34.36895181  104.00054056
 -354.60677353]
Coefficients after iteration 4 are: [  -0.53721686  -74.21015461  -52.58401868  -13.8094442   389.20334662
  -40.47423756  122.14469083   28.95572358   61.10102984  175.6535285
  306.70037547  -25.84999015  283.49946641  -34.36866287  104.00214323
 -354.60570912]
Coefficients after iteration 5 are: [  -0.53721686  -74.21015461  -52.58401868  -13.8094442   389.20334662
  -40.47423756  122.14469083   28.95572358   61.10102984  175.6535285
  306.70037547  -25.84999015  283.49946641  -34.36866287  104.00214323
 -354.60570912]
