Central server contains 6500 number of recors
First node contains 2192 number of recors
Second node contains 2193 number of recors
Coefficients before iterations start are: [ 0.0216358   0.22843066  0.36183711  0.86910588  3.50070821  3.00057885
  1.82560385  0.53803323  0.45747878  0.27306922  1.1601112  -0.11292471
  0.62010708  0.32833225  0.27338948 -6.33305999]
Coefficients after iteration 1 are: [   3.6500086   -14.48437738  -16.49456484  -21.71842352  -65.37805501
    3.7829069   -73.14567773   -2.27959625   33.75753452  234.58299264
 -393.00968192  -15.04057541 -129.2617125   -10.00900842 -166.74360635
 -233.38374733]
Coefficients after iteration 2 are: [   12.43767724   130.94521134  -515.9486353   -155.16982023
   475.77396563   582.30040236   607.00560383   103.44195628
   350.05184458  -227.24979347 -2933.29779116   176.17854553
   189.87831032   377.13909507   358.13294731 -1926.98616378]
Coefficients after iteration 3 are: [   12.57802907   130.93780522  -515.94650502  -155.16447699
   475.81201583   582.28528377   606.96034275   103.4413146
   350.04514991  -227.20359793 -2933.32236298   176.15331767
   189.86529051   377.13876989   358.08714844 -1926.99507116]
Coefficients after iteration 4 are: [   15.81582806    69.78442511  -500.05507821  -115.2867948
   756.33544324   465.97088509   260.13434703    96.86928287
   298.77708841   116.92966807 -3116.75427247   -16.86459475
    87.06606774   366.26058959     9.94343179 -2009.49458212]
Coefficients after iteration 5 are: [   15.81582806    69.78442511  -500.05507821  -115.2867948
   756.33544324   465.97088509   260.13434703    96.86928287
   298.77708841   116.92966807 -3116.75427247   -16.86459475
    87.06606774   366.26058959     9.94343179 -2009.49458212]
