Central server contains 7600 number of recors
First node contains 1642 number of recors
Second node contains 1643 number of recors
Coefficients before iterations start are: [ 0.0216358   0.22843066  0.36183711  0.86910588  3.50070821  3.00057885
  1.82560385  0.53803323  0.45747878  0.27306922  1.1601112  -0.11292471
  0.62010708  0.32833225  0.27338948 -6.33305999]
Coefficients after iteration 1 are: [  0.70299417  -6.87538488  -0.57923425  -0.95107264  -8.33564723
  -2.60644854  -6.0866009   -4.82178712   0.67564178  38.51346784
 -48.6004832   -2.96154004 -19.09323382  -1.53209192 -19.05171943
 -36.91047487]
Coefficients after iteration 2 are: [   0.29855348   35.68884856  -72.39973006  -47.29293197  127.58831163
   63.48757533    7.62487805   45.62914918   13.98495508  113.53777858
 -286.36073001    4.97848277   67.06827167   -9.1407149    30.94915927
 -204.4234992 ]
Coefficients after iteration 3 are: [  10.61560416 -143.06484355  -54.78064618   -1.33243684 -124.51677777
  -81.90756677  -60.32257189 -108.93885748   39.77980561  450.49014107
 -862.28593481  -35.26836145 -279.42590159   14.00798486 -279.07949968
 -696.76048589]
Coefficients after iteration 4 are: [  10.77063854 -143.04860077  -54.78526916   -1.33845128 -124.49357148
  -81.89582622  -60.32901748 -108.93168685   39.78061584  450.50694286
 -862.30507952  -35.26927892 -279.4053982    14.00102977 -279.06639144
 -696.7672513 ]
Coefficients after iteration 5 are: [  10.77063854 -143.04860077  -54.78526916   -1.33845128 -124.49357148
  -81.89582622  -60.32901748 -108.93168685   39.78061584  450.50694286
 -862.30507952  -35.26927892 -279.4053982    14.00102977 -279.06639144
 -696.7672513 ]
