Central server contains 2500 number of recors
First node contains 4192 number of recors
Second node contains 4193 number of recors
Coefficients before iterations start are: [ 0.0216358   0.22843066  0.36183711  0.86910588  3.50070821  3.00057885
  1.82560385  0.53803323  0.45747878  0.27306922  1.1601112  -0.11292471
  0.62010708  0.32833225  0.27338948 -6.33305999]
Coefficients after iteration 1 are: [  0.42519662  -2.45042916   0.11895489   0.28935356  -7.28891245
   1.31683463  -0.88563701  -2.07370386   1.98248208  18.18195423
 -28.00933898  -1.14710545 -10.71600902  -2.12522231 -11.92149364
 -22.94546366]
Coefficients after iteration 2 are: [   0.59983469   42.37406519  -36.43426927  -30.6017768    41.85483357
   59.08031529  -59.9552471    11.56489979   22.7737795   164.96390251
 -290.56814612   -8.65283677   31.45247516  -26.62905099  -13.8030864
 -157.60402724]
Coefficients after iteration 3 are: [   8.10764189  -92.86382033  -55.01003616  -36.40986254  -78.33035838
 -113.31502509   15.34806833  -19.71807008   41.16665106  292.09865571
 -700.49329039  -13.31383165 -321.01708248   -1.44932436 -237.20609062
 -459.2703367 ]
Coefficients after iteration 4 are: [    7.48305976    99.35384351   -99.48002935   -62.44546944
    30.65856219    55.53441883  -234.66444233    -6.50144922
    86.67362341   721.00069116 -1332.08035549   -37.71931912
  -166.92745091  -140.34109805  -215.3107691   -767.11297728]
Coefficients after iteration 5 are: [    7.48305976    99.35384351   -99.48002935   -62.44546944
    30.65856219    55.53441883  -234.66444233    -6.50144922
    86.67362341   721.00069116 -1332.08035549   -37.71931912
  -166.92745091  -140.34109805  -215.3107691   -767.11297728]
