Central server contains 9600 number of recors
First node contains 642 number of recors
Second node contains 643 number of recors
Coefficients before iterations start are: [ 0.0216358   0.22843066  0.36183711  0.86910588  3.50070821  3.00057885
  1.82560385  0.53803323  0.45747878  0.27306922  1.1601112  -0.11292471
  0.62010708  0.32833225  0.27338948 -6.33305999]
Coefficients after iteration 1 are: [  0.55316121  -8.04898461  -0.11325145  -0.15756439  -9.89920256
  -0.35103887  -2.92232182  -1.70114996   6.18507889  24.66580279
 -40.90387295  -1.95770106 -15.35837428   1.04074759 -22.4816989
 -30.46675133]
Coefficients after iteration 2 are: [   1.60257318   77.06312783  -58.67439531  -49.50032598  110.87712486
   81.53369992  -63.63036806   26.44734629   56.02994414  191.69647039
 -334.42960189  -11.3948121    84.17666526  -68.42661742  -25.07929828
 -185.88932027]
Coefficients after iteration 3 are: [   8.68953765 -270.25977328  -62.94458103  -48.20821986  -86.7676933
 -165.76000591   67.03556355    4.60843723  121.9988198   342.95205746
 -783.66351718  -27.91637317 -462.45432488  100.49604367 -412.67881261
 -612.24273449]
Coefficients after iteration 4 are: [   10.21066214  -119.26686581   -92.08103994   -68.91712362
    40.35257715   -65.31818818  -137.3999214      7.55543355
   172.08948289   568.94918659 -1086.52487286   -44.57318783
  -328.35809151   -49.26370722  -405.21852051  -781.309305  ]
Coefficients after iteration 5 are: [   10.99530572  -119.26220636   -92.0820548    -68.91748044
    40.35602815   -65.31402349  -137.39728452     7.55781304
   172.09249068   568.95657394 -1086.53821122   -44.57193761
  -328.35297035   -49.25905997  -405.21901629  -781.30502716]
Coefficients after iteration 6 are: [   10.99530572  -119.26220636   -92.0820548    -68.91748044
    40.35602815   -65.31402349  -137.39728452     7.55781304
   172.09249068   568.95657394 -1086.53821122   -44.57193761
  -328.35297035   -49.25905997  -405.21901629  -781.30502716]
