Central server contains 2300 number of recors
First node contains 4292 number of recors
Second node contains 4293 number of recors
Coefficients before iterations start are: [ 0.0216358   0.22843066  0.36183711  0.86910588  3.50070821  3.00057885
  1.82560385  0.53803323  0.45747878  0.27306922  1.1601112  -0.11292471
  0.62010708  0.32833225  0.27338948 -6.33305999]
Coefficients after iteration 1 are: [  0.42245165  -1.51554397   0.10380517   0.27061697  -7.38139565
   1.47798456  -0.91608511  -1.8004642    1.0005349   18.00189062
 -28.07385889  -1.10081954 -10.94747503  -1.74078854 -11.30459328
 -23.00838817]
Coefficients after iteration 2 are: [   0.48032472   21.60450108  -18.83700623  -15.38291778   21.83654544
   32.70075103  -29.61577593    7.00200574    6.71594515   84.98241832
 -152.53871261   -4.3245004    13.85193393  -13.34903626   -4.94958052
  -85.85695942]
Coefficients after iteration 3 are: [   5.76548654  -89.97969907  -37.28272578  -19.19453161  -83.39812651
 -135.18848391   46.09307513  -20.10888739   12.16346151  181.71293986
 -524.84900972   -7.84371278 -319.85869014   26.36486317 -212.44067947
 -363.83636571]
Coefficients after iteration 4 are: [   9.83692925   30.41205633  -51.13934368  -30.48462257  -11.64428032
  -54.14715882 -115.53692944  -12.78933629   21.28716401  382.38010606
 -789.55218436  -23.5365086  -241.80270334  -73.09056147 -178.36024532
 -496.15069587]
Coefficients after iteration 5 are: [    5.06213618   -14.17330159  -161.7091707   -129.99827878
    -4.23392887   195.07778981   -45.85387878    32.50474133
    68.75006968   824.00522118 -1731.64719102   -29.52121746
   -69.27007476   -18.41252446  -225.61669001  -976.87172026]
Coefficients after iteration 6 are: [    7.58676895   -14.16011341  -161.70874507  -129.99736888
    -4.22757277   195.08300048   -45.84736435    32.51069428
    68.75285264   824.02116837 -1731.67466393   -29.51723677
   -69.26635013   -18.40186368  -225.61451935  -976.85250778]
Coefficients after iteration 7 are: [    7.58676895   -14.16011341  -161.70874507  -129.99736888
    -4.22757277   195.08300048   -45.84736435    32.51069428
    68.75285264   824.02116837 -1731.67466393   -29.51723677
   -69.26635013   -18.40186368  -225.61451935  -976.85250778]
