Central server contains 2100 number of recors
First node contains 4392 number of recors
Second node contains 4393 number of recors
Coefficients before iterations start are: [ 0.0216358   0.22843066  0.36183711  0.86910588  3.50070821  3.00057885
  1.82560385  0.53803323  0.45747878  0.27306922  1.1601112  -0.11292471
  0.62010708  0.32833225  0.27338948 -6.33305999]
Coefficients after iteration 1 are: [ 2.33724935e-01 -1.20423421e-02  3.05157118e-01  7.54565799e-01
 -4.01219013e+00  2.90660480e+00  1.35394871e+00 -1.62974597e-01
  1.16774933e+00  7.60840427e+00 -1.43742116e+01 -2.43410012e-01
 -7.00262169e+00  3.57467193e-01 -7.74540224e+00 -1.47529115e+01]
Coefficients after iteration 2 are: [   2.04632858   17.7541327   -11.71063326  -11.33987027  -17.15671037
   37.62098653  -42.62179694    1.94417258   11.2047096    89.18641839
 -180.5242457    -2.76571748  -23.56312073  -16.57278637  -46.07567089
  -95.95511459]
Coefficients after iteration 3 are: [-1.81152734e+04 -4.17463257e+06 -2.13770144e+06 -1.41038260e+06
 -6.90166133e+06 -1.33763278e+06  5.25037356e+06  8.19193735e+05
  1.62544751e+06  6.68502741e+06 -3.16362382e+07  2.77144470e+05
 -1.38859140e+07  3.12474611e+06 -1.17289766e+07 -1.78649792e+07]
Coefficients after iteration 4 are: [-1.70812838e+04 -4.17462649e+06 -2.13770144e+06 -1.41038260e+06
 -6.90165525e+06 -1.33762670e+06  5.25037965e+06  8.19199818e+05
  1.62544751e+06  6.68503957e+06 -3.16362443e+07  2.77144470e+05
 -1.38859079e+07  3.12475219e+06 -1.17289705e+07 -1.78649731e+07]
Coefficients after iteration 5 are: [-1.60472067e+04 -4.17462649e+06 -2.13770144e+06 -1.41038260e+06
 -6.90165525e+06 -1.33762670e+06  5.25037965e+06  8.19199818e+05
  1.62544751e+06  6.68505181e+06 -3.16362565e+07  2.77144470e+05
 -1.38859079e+07  3.12475219e+06 -1.17289705e+07 -1.78649670e+07]
Coefficients after iteration 6 are: [-1.50137888e+04 -4.17462649e+06 -2.13770144e+06 -1.41038260e+06
 -6.90167348e+06 -1.33762670e+06  5.25038573e+06  8.19199818e+05
  1.62544751e+06  6.68505181e+06 -3.16362808e+07  2.77144470e+05
 -1.38859262e+07  3.12475827e+06 -1.17289887e+07 -1.78649609e+07]
Coefficients after iteration 7 are: [-1.39798602e+04 -4.17461418e+06 -2.13770144e+06 -1.41038260e+06
 -6.90167348e+06 -1.33762055e+06  5.25039188e+06  8.19205972e+05
  1.62544751e+06  6.68506412e+06 -3.16362870e+07  2.77150624e+05
 -1.38859323e+07  3.12476443e+06 -1.17289949e+07 -1.78649548e+07]
Coefficients after iteration 8 are: [-1.29461265e+04 -4.17460796e+06 -2.13770144e+06 -1.41038260e+06
 -6.90167971e+06 -1.33761432e+06  5.25039188e+06  8.19205972e+05
  1.62544751e+06  6.68507657e+06 -3.16363119e+07  2.77150624e+05
 -1.38859386e+07  3.12477065e+06 -1.17290011e+07 -1.78649610e+07]
Coefficients after iteration 9 are: [-1.19122571e+04 -4.17460176e+06 -2.13770144e+06 -1.41037641e+06
 -6.90167971e+06 -1.33760813e+06  5.25039807e+06  8.19212163e+05
  1.62545370e+06  6.68508276e+06 -3.16363305e+07  2.77156815e+05
 -1.38859447e+07  3.12477685e+06 -1.17290073e+07 -1.78649610e+07]
Coefficients after iteration 10 are: [-1.08783878e+04 -4.17459557e+06 -2.13770144e+06 -1.41037641e+06
 -6.90168590e+06 -1.33760194e+06  5.25040426e+06  8.19212163e+05
  1.62545370e+06  6.68509515e+06 -3.16363490e+07  2.77156815e+05
 -1.38859447e+07  3.12478304e+06 -1.17290135e+07 -1.78649548e+07]
