Central server contains 600 number of recors
First node contains 5142 number of recors
Second node contains 5143 number of recors
Coefficients before iterations start are: [ 0.0216358   0.22843066  0.36183711  0.86910588  3.50070821  3.00057885
  1.82560385  0.53803323  0.45747878  0.27306922  1.1601112  -0.11292471
  0.62010708  0.32833225  0.27338948 -6.33305999]
Coefficients after iteration 1 are: [  0.35741181   4.96792378   0.4762275    1.35859229 -26.25336921
   7.96781178   3.98687816   2.52165055   0.936134    11.58421516
 -42.26366893   1.60078236 -28.55493026   4.95264371 -29.82092997
 -28.00198844]
Coefficients after iteration 2 are: [   6.88315675  -28.35898046  -25.60060752  -21.35428689 -159.32671327
  200.04666397 -153.36146429   16.25878538   19.41776292  134.52743323
 -530.7787016    -5.13285417 -171.06315129 -110.24193728 -253.51053423
 -252.02790651]
Coefficients after iteration 3 are: [   -3.95365618   349.95965774  -114.93072638  -100.80151871
  -452.13212677   286.45573335   228.32984182   104.19226603
    32.84571247   413.5078917  -1565.46156382     5.83892249
  -793.17362224   450.83106235  -731.17125503  -696.20919777]
Coefficients after iteration 4 are: [   17.96257008  -176.6279206   -120.9940317    -90.89692193
  -648.32052735   566.15138411  -136.54118229     3.34246791
    54.62033316   614.70282313 -2274.78122349   -39.17660504
  -999.23744282  -233.4966917  -1055.88035333 -1373.78342147]
Coefficients after iteration 5 are: [   17.96257008  -176.6279206   -120.9940317    -90.89692193
  -648.32052735   566.15138411  -136.54118229     3.34246791
    54.62033316   614.70282313 -2274.78122349   -39.17660504
  -999.23744282  -233.4966917  -1055.88035333 -1373.78342147]
