Central server contains 8600 number of recors
First node contains 1142 number of recors
Second node contains 1143 number of recors
Coefficients before iterations start are: [ 0.0216358   0.22843066  0.36183711  0.86910588  3.50070821  3.00057885
  1.82560385  0.53803323  0.45747878  0.27306922  1.1601112  -0.11292471
  0.62010708  0.32833225  0.27338948 -6.33305999]
Coefficients after iteration 1 are: [  1.34221233 -18.05083449  -0.92538914  -1.67333481 -27.63327035
  -4.9494562   -9.28571511  -6.50094291   4.77331093  71.49652028
 -99.78591004  -3.98420847 -35.57535114  -5.2150266  -41.88562241
 -63.69949786]
Coefficients after iteration 2 are: [-4.96003841e-01  1.29023312e+02 -1.11094879e+02 -8.04067931e+01
  2.05606137e+02  1.17291974e+02 -5.77700903e+01  6.40484449e+01
  4.23222752e+01  2.89935570e+02 -5.41908766e+02 -9.05935087e+00
  1.29705618e+02 -5.49670422e+01  1.49119751e+01 -3.19799684e+02]
Coefficients after iteration 3 are: [   9.45816921 -186.72515397 -115.5090182   -71.3480162   -24.11443695
  -17.81201034   48.89748967    6.01355101   57.27482193  434.70261403
 -882.00013986   -6.73071684 -235.35783575   -9.71228064 -254.60338209
 -657.56815506]
Coefficients after iteration 4 are: [   9.60692471 -186.702032   -115.51142083  -71.34967474  -24.0936859
  -17.79532057   48.87028359    6.0170886    57.27771834  434.73139654
 -882.04031326   -6.73178806 -235.33293165   -9.71837558 -254.59318127
 -657.58456149]
Coefficients after iteration 5 are: [   9.60692471 -186.702032   -115.51142083  -71.34967474  -24.0936859
  -17.79532057   48.87028359    6.0170886    57.27771834  434.73139654
 -882.04031326   -6.73178806 -235.33293165   -9.71837558 -254.59318127
 -657.58456149]
