Central server contains 6100 number of recors
First node contains 2392 number of recors
Second node contains 2393 number of recors
Coefficients before iterations start are: [ 0.0216358   0.22843066  0.36183711  0.86910588  3.50070821  3.00057885
  1.82560385  0.53803323  0.45747878  0.27306922  1.1601112  -0.11292471
  0.62010708  0.32833225  0.27338948 -6.33305999]
Coefficients after iteration 1 are: [    6.78667377    96.94830592  -206.19799655  -284.90624755
   226.99186316   337.42718651   -28.14406743    68.54216728
   247.11952305   192.49466742 -1153.67973021   -26.52644644
  -315.79768889    58.06492827  -140.31142543  -633.28449921]
Coefficients after iteration 2 are: [ 1.51603672e+01  2.18938076e+02  5.36127378e+02 -3.47231857e+02
  2.77379411e+02  1.73131918e+02  1.81248143e+02  2.01787407e+00
 -7.12703648e+03  3.09747293e+02 -1.86733935e+04  5.43835697e+01
  2.32398801e+01  3.47710023e+02  1.20318579e+02 -1.71059851e+03]
Coefficients after iteration 3 are: [ 1.66247829e+01  1.93664718e+02  4.27481739e+02 -3.33056481e+02
  3.29085296e+02  2.20090007e+02  1.85278004e+02  1.67207108e+01
 -7.09452518e+03  2.86988476e+02 -1.86936823e+04  3.42413441e+01
  1.81497444e+01  3.03827939e+02  8.89228281e+01 -1.70647353e+03]
Coefficients after iteration 4 are: [ 1.70124218e+01  5.85169670e+01 -1.84461083e+02 -1.98908129e+02
  5.74699853e+02  5.61288520e+02  2.12841811e+02  1.54863488e+02
 -6.78654588e+03  7.82431002e+01 -1.88861700e+04 -6.36335350e+01
 -7.77374497e+01  2.69357832e+01 -1.80803606e+02 -1.57624886e+03]
Coefficients after iteration 5 are: [ 1.31341610e+01  1.00341276e+02 -5.84808709e+02 -1.49341584e+02
  3.82509704e+02  1.04203562e+03  2.69118721e+01  1.49492262e+02
  3.41011616e+02  3.09299345e+02 -2.40172362e+04  3.50568813e+01
 -8.13588650e+02  1.30464644e+02 -1.41343301e+02 -1.25537569e+03]
Coefficients after iteration 6 are: [ 1.17336697e+01  9.60899827e+01  2.23872970e+02 -1.13206349e+02
  2.35322436e+02  1.25949932e+02 -2.79943768e+02 -8.40251508e+01
  3.62161238e+02  4.95910105e+00 -3.17065567e+04 -2.81994920e+01
 -1.21338307e+02  2.04057291e+02  6.35508313e+01 -1.15211119e+03]
Coefficients after iteration 7 are: [ 1.17336697e+01  9.60899827e+01  2.23872970e+02 -1.13206349e+02
  2.35322436e+02  1.25949932e+02 -2.79943768e+02 -8.40251508e+01
  3.62161238e+02  4.95910105e+00 -3.17065567e+04 -2.81994920e+01
 -1.21338307e+02  2.04057291e+02  6.35508313e+01 -1.15211119e+03]
