Central server contains 4000 number of recors
First node contains 3442 number of recors
Second node contains 3443 number of recors
Coefficients before iterations start are: [ 0.0216358   0.22843066  0.36183711  0.86910588  3.50070821  3.00057885
  1.82560385  0.53803323  0.45747878  0.27306922  1.1601112  -0.11292471
  0.62010708  0.32833225  0.27338948 -6.33305999]
Coefficients after iteration 1 are: [  0.45191438  -3.53249313  -0.12764722  -0.08000917  -9.49776407
   0.88389157  -2.19231668  -2.03869823   1.92711486  23.61039329
 -37.51742124  -1.42169316 -13.75119684  -2.15113348 -15.12495675
 -28.19412836]
Coefficients after iteration 2 are: [   0.74231343   -8.10872749  -77.66533922  -52.05913681  163.91238638
   22.13094151   26.62681735   49.31327909   24.00590552   33.0656746
 -363.28913791   10.38936369   22.20773148   18.10227619   40.13887646
 -220.73735529]
Coefficients after iteration 3 are: [   6.25707321  141.67272279  -52.24424884    6.94843089  -97.14646684
  130.24503026 -214.11939855 -112.67591092   55.5110056   417.95670886
 -857.29510391  -24.51476405   21.11823672   15.97080602 -209.60071159
 -508.03858089]
Coefficients after iteration 4 are: [   7.08628582  116.76167846  -56.28365899   -2.63760651  -78.93793424
  121.98209377 -200.67557444 -103.07329681   55.92297112  417.56806406
 -880.69226856  -25.03937395    6.46298036    4.04031519 -202.53167948
 -525.62955852]
Coefficients after iteration 5 are: [ 7.33151134e+00  1.04077824e+02 -5.90685963e+01 -8.06121315e+00
 -6.74169522e+01  1.17820266e+02 -1.91914081e+02 -9.62552193e+01
  5.61382255e+01  4.16683248e+02 -8.96581113e+02 -2.52468755e+01
 -5.19342271e-01 -1.39742046e+00 -1.98015402e+02 -5.36189813e+02]
Coefficients after iteration 6 are: [   11.58053039  -227.51275551  -193.25805329  -240.81704144
   423.85339363    61.67805595   160.63664054   227.24342679
    92.24192971   442.48456664 -1852.0012674    -12.12152444
  -156.57400575   -92.9751714    -31.84621977 -1070.3172509 ]
Coefficients after iteration 7 are: [   11.76978952  -227.50944461  -193.25792444  -240.8166592
   423.85262903    61.68003501   160.63602529   227.24238366
    92.24237309   442.48660914 -1852.00436584   -12.12104276
  -156.57183716   -92.97274929   -31.84710087 -1070.31614109]
Coefficients after iteration 8 are: [   11.76978952  -227.50944461  -193.25792444  -240.8166592
   423.85262903    61.68003501   160.63602529   227.24238366
    92.24237309   442.48660914 -1852.00436584   -12.12104276
  -156.57183716   -92.97274929   -31.84710087 -1070.31614109]
