Central server contains 8300 number of recors
First node contains 1292 number of recors
Second node contains 1293 number of recors
Coefficients before iterations start are: [ 0.0216358   0.22843066  0.36183711  0.86910588  3.50070821  3.00057885
  1.82560385  0.53803323  0.45747878  0.27306922  1.1601112  -0.11292471
  0.62010708  0.32833225  0.27338948 -6.33305999]
Coefficients after iteration 1 are: [  0.391772   -12.02417761  -0.52842786  -1.1283002    5.94435481
  -3.13523848  -7.10707979  -5.07548461   1.62775793  32.02998386
 -24.94864161  -3.65425353  -0.58417369  -4.96434138  -3.18207875
 -24.00277906]
Coefficients after iteration 2 are: [  -1.4090502   100.76946268 -117.53171312  -96.23253561  241.51178547
   52.15821731   71.64497786   70.67584841   35.31225226  278.75819038
 -240.47867019   -4.99286792  183.67214243   56.54005063   38.0333497
 -247.76421319]
Coefficients after iteration 3 are: [   7.53845667 -255.80070462 -125.86951658  -89.38198881  187.73451805
  -33.75835013   37.8216666   -60.01168161   50.15270868  487.03374056
 -419.23941312  -35.68787772    2.93961415  -82.93502636  -41.06190155
 -606.77365344]
Coefficients after iteration 4 are: [   7.93398509 -255.79644463 -125.86998364  -89.38189275  187.73984233
  -33.75626999   37.81963209  -60.00992764   50.15355058  487.03993615
 -419.24378931  -35.68829423    2.94652143  -82.93184965  -41.05968439
 -606.77134003]
Coefficients after iteration 5 are: [   7.93398509 -255.79644463 -125.86998364  -89.38189275  187.73984233
  -33.75626999   37.81963209  -60.00992764   50.15355058  487.03993615
 -419.24378931  -35.68829423    2.94652143  -82.93184965  -41.05968439
 -606.77134003]
