Central server contains 5600 number of recors
First node contains 2642 number of recors
Second node contains 2643 number of recors
Coefficients before iterations start are: [ 0.0216358   0.22843066  0.36183711  0.86910588  3.50070821  3.00057885
  1.82560385  0.53803323  0.45747878  0.27306922  1.1601112  -0.11292471
  0.62010708  0.32833225  0.27338948 -6.33305999]
Coefficients after iteration 1 are: [ 7.55903999e+00  8.94969716e+01 -2.10609245e+04  2.12524612e+04
  2.13572754e+04  2.10195120e+04  2.11284047e+04  4.48717304e+02
  6.00506125e+02 -6.84819347e+05  3.67143210e+02 -2.14405164e+03
  1.96609393e+02  1.43452076e+02  8.78197026e+01 -2.21892885e+04]
Coefficients after iteration 2 are: [ 8.00235452e+00  9.44603028e+01 -2.10587844e+04  2.12296920e+04
  2.13649363e+04  2.10295088e+04  2.11339911e+04  4.14013746e+02
  5.85349537e+02 -6.84819724e+05  3.53087892e+02 -2.13012252e+03
  1.96150010e+02  1.43623940e+02  8.17256625e+01 -2.21808078e+04]
Coefficients after iteration 3 are: [ 2.02535146e+00  1.62916164e+01 -1.98258435e+04  2.03879825e+04
  2.04459899e+04  2.04412653e+04  2.04331002e+04  2.45243301e+01
  4.65523686e+01 -6.85084341e+05  2.71587528e+01  1.88219245e+01
  1.23538482e+01  3.96583040e+01  2.15388316e+01 -2.06296911e+04]
Coefficients after iteration 4 are: [ 1.07332917e+01  6.34574830e+01  2.89999774e+03  2.79620690e+03
  3.41551042e+03  3.19265455e+03  3.14467494e+03  1.41000874e+02
  1.95402449e+02 -6.89352796e+05 -6.94062916e+01 -1.08460117e+04
  5.68206062e+01  1.50668931e+02  5.47312508e+01 -4.17148502e+03]
Coefficients after iteration 5 are: [ 4.27470070e-02  7.47348285e+00  3.14385327e+03  2.77806459e+03
  2.92082118e+03  2.85894700e+03  2.84305705e+03 -1.02200349e+02
 -2.83839661e+02 -6.89513231e+05 -9.00418387e+01 -5.83313268e+03
 -8.44267564e+00  1.22933735e+02  9.77549018e+01 -2.96710274e+03]
Coefficients after iteration 6 are: [ 5.50471070e-01  1.82529559e+01  2.83490337e+03  2.83864784e+03
  2.78633113e+03  2.84575848e+03  2.81694101e+03 -5.67309079e+00
  5.91705100e+01 -6.89551808e+05  6.07916468e+01 -4.61460923e+03
  2.94543405e+01 -2.92849522e+01 -3.10889182e+01 -2.87420455e+03]
Coefficients after iteration 7 are: [ 1.28836698e+01  6.02073485e+00 -5.87532135e+03 -3.53615965e+02
  4.83465546e+02  5.02444896e+01  4.33931335e+02  1.24847436e+01
 -1.04859276e+02 -1.05720362e+06 -2.55473747e+02 -4.23973250e+03
  3.14508329e+02  9.57098870e+01  1.86506200e+01 -1.38692841e+03]
Coefficients after iteration 8 are: [ 7.96879391e+00  1.67421535e+02 -5.86002120e+03 -3.16404057e+02
  5.25054591e+02  2.18275542e+02  3.02469680e+02  3.82553311e+01
 -2.08822094e+01 -1.05720656e+06 -1.88053892e+02 -4.13976317e+03
  3.70720863e+02  1.44445934e+02  5.95442453e+01 -1.21755127e+03]
Coefficients after iteration 9 are: [ 7.96879391e+00  1.67421535e+02 -5.86002120e+03 -3.16404057e+02
  5.25054591e+02  2.18275542e+02  3.02469680e+02  3.82553311e+01
 -2.08822094e+01 -1.05720656e+06 -1.88053892e+02 -4.13976317e+03
  3.70720863e+02  1.44445934e+02  5.95442453e+01 -1.21755127e+03]
