Central server contains 1800 number of recors
First node contains 4542 number of recors
Second node contains 4543 number of recors
Coefficients before iterations start are: [ 0.0216358   0.22843066  0.36183711  0.86910588  3.50070821  3.00057885
  1.82560385  0.53803323  0.45747878  0.27306922  1.1601112  -0.11292471
  0.62010708  0.32833225  0.27338948 -6.33305999]
Coefficients after iteration 1 are: [  0.17401546   0.54153155   0.34394858   0.83399801  -2.09892257
   2.9769182    1.66917419   0.19526777   0.99210988   4.58987778
  -9.65973356  -0.13836117  -5.29744855   0.63217956  -5.8837436
 -12.21513911]
Coefficients after iteration 2 are: [ 1.88202303e+00  1.37814461e+01 -6.99174154e+00 -8.07029548e+00
 -2.11673076e+01  2.93913838e+01 -3.58338754e+01 -1.34656867e-01
  9.18123077e+00  6.32848850e+01 -1.43590988e+02 -2.10986521e+00
 -3.13959655e+01 -1.22605488e+01 -4.79271935e+01 -8.03816758e+01]
Coefficients after iteration 3 are: [ 7.88439952e+00 -1.58505097e+01 -5.54301934e+01 -3.95417310e+01
 -1.61518041e+02  5.13123915e+01  7.75109351e+01  2.85449059e+01
  4.69517064e+01  2.21266681e+02 -7.90440842e+02 -7.47388582e-01
 -2.83235098e+02  6.02816993e+01 -2.83723013e+02 -4.23026824e+02]
Coefficients after iteration 4 are: [ 1.03452965e+01  4.17476348e+01 -5.78710688e+01 -3.86889565e+01
 -1.93131776e+02  1.10460497e+02 -4.67750785e+01  1.89734502e+01
  6.24869880e+01  3.37404408e+02 -1.05796634e+03 -4.38621609e+00
 -3.27500523e+02  7.87807656e-01 -3.65205542e+02 -5.58186611e+02]
Coefficients after iteration 5 are: [   10.79751336    52.06608381   -67.1254908    -46.59967711
  -216.41142065   142.3571613    -57.96185892    22.26979048
    72.92865282   395.65400954 -1214.62614425    -4.89541872
  -357.01941052    -3.31429786  -413.59717425  -631.05768479]
Coefficients after iteration 6 are: [-1.20686777e+06  1.23361088e+07 -1.25190934e+07 -1.04939499e+07
 -3.32371838e+07  4.38797285e+07 -1.38014296e+07  4.73197496e+06
  1.44324585e+07  7.86901470e+07 -2.17444944e+08 -8.59405034e+05
 -4.18197486e+07 -5.08283574e+06 -6.74190845e+07 -1.01940842e+08]
Coefficients after iteration 7 are: [ 1.03790580e+06  1.23361088e+07 -1.25190934e+07 -1.04939499e+07
 -3.32371838e+07  4.38797285e+07 -1.38014296e+07  4.73197496e+06
  1.44324585e+07  7.86901470e+07 -2.17444944e+08 -8.59405034e+05
 -4.18197486e+07 -5.08283574e+06 -6.74190845e+07 -1.01940842e+08]
Coefficients after iteration 8 are: [ 1.03790580e+06  1.23361088e+07 -1.25190934e+07 -1.04939499e+07
 -3.32371838e+07  4.38797285e+07 -1.38014296e+07  4.73197496e+06
  1.44324585e+07  7.86901470e+07 -2.17444944e+08 -8.59405034e+05
 -4.18197486e+07 -5.08283574e+06 -6.74190845e+07 -1.01940842e+08]
