Central server contains 6400 number of recors
First node contains 2242 number of recors
Second node contains 2243 number of recors
Coefficients before iterations start are: [ 0.0216358   0.22843066  0.36183711  0.86910588  3.50070821  3.00057885
  1.82560385  0.53803323  0.45747878  0.27306922  1.1601112  -0.11292471
  0.62010708  0.32833225  0.27338948 -6.33305999]
Coefficients after iteration 1 are: [ 6.71056222e+00  1.58233385e+01 -1.22561084e+02 -1.24334977e+02
  1.06502380e+02  1.13354223e+02 -5.60837804e+01  8.64339928e+01
  1.68888057e+02  2.84202779e+02 -9.10753447e+02  5.68723004e-01
 -1.21980620e+02  3.10224488e+01 -1.91311429e+02 -4.99767684e+02]
Coefficients after iteration 2 are: [   11.81810993  -145.24970184   201.35981594   599.29254509
   671.8034553    403.8955657    401.86227735  -122.48141648
  -231.5728438    -27.88810523 -6344.64036272  -120.11118443
  -195.34149387   350.62145815   294.8991961  -1419.36227822]
Coefficients after iteration 3 are: [   14.4438146     33.24699178   237.2989009    258.44967072
   617.83620206   603.7540127    329.0236943     70.77773039
    53.81180574   295.00093889 -6712.883165     -41.26708264
   -91.57532744    84.62760405  -116.25674206 -1501.96907607]
Coefficients after iteration 4 are: [   11.99351165   203.42294732   156.47719635   260.45184818
   443.64398294   558.95930403   330.78067615   176.20360798
   498.44933473   402.24055069 -7666.84592144   108.02695538
  -286.28943142   126.28228135  -168.58349509 -1421.66880998]
Coefficients after iteration 5 are: [   13.2980049    157.30031391   149.11265458   247.09166973
   476.67471238   577.58691782   284.21035887   169.4674638
   474.70776025   410.07204601 -7692.32983148   103.22641617
  -253.11564049   107.01255237  -156.96164089 -1431.47979988]
Coefficients after iteration 6 are: [   13.40343012    57.955462     127.65271173   213.18418837
   545.90249438   605.32591326   195.03569335   158.70336951
   406.45805086   411.97946242 -7780.98500057    96.12582261
  -193.08796075    76.41991645  -139.46560961 -1453.17905994]
Coefficients after iteration 7 are: [   13.40343012    57.955462     127.65271173   213.18418837
   545.90249438   605.32591326   195.03569335   158.70336951
   406.45805086   411.97946242 -7780.98500057    96.12582261
  -193.08796075    76.41991645  -139.46560961 -1453.17905994]
