Central server contains 900 number of recors
First node contains 4992 number of recors
Second node contains 4993 number of recors
Coefficients before iterations start are: [ 0.0216358   0.22843066  0.36183711  0.86910588  3.50070821  3.00057885
  1.82560385  0.53803323  0.45747878  0.27306922  1.1601112  -0.11292471
  0.62010708  0.32833225  0.27338948 -6.33305999]
Coefficients after iteration 1 are: [   1.34324929   16.98683236  -13.14170863  -18.54639683   14.54373411
   21.18595657  -55.36376356   -8.45910068   -2.1998338    97.49459291
 -175.01482554   -7.23801416   -4.18367152  -13.0163262   -13.56684617
 -105.65062011]
Coefficients after iteration 2 are: [-7.16790204e-01 -1.77646861e+02 -2.30860964e+01  7.26048766e+02
  6.78307742e+02  2.78041960e+02  6.81916862e+02 -4.95704059e+02
  2.78507697e+02  7.83544672e+01 -4.68702746e+03  1.18142642e+00
  4.86131283e+00  3.70569388e+02  3.69194351e+02 -1.03510061e+03]
Coefficients after iteration 3 are: [    9.51998307    39.66671287   -14.54804967   460.8164723
   803.90358977   398.44714761   348.34056792  -410.25629055
   211.81688677   186.85852589 -4751.82568319  -102.27658195
   115.46066168   150.38797284   123.81891469 -1355.35076303]
Coefficients after iteration 4 are: [   13.47048542    52.15816687     6.36344369   348.66233999
   537.87704633   521.57200987   413.72524556  -210.15531194
   118.12336094   295.75246618 -4910.4351324    -79.22445848
    49.68175019   113.34553889    14.28806127 -1465.38630012]
Coefficients after iteration 5 are: [   12.77866774    85.03879356    34.42683293   284.3023955
   628.67259003   476.70891725   321.52707849    30.34169354
    45.46495906   402.58262946 -5123.56469554   -65.5771409
   -19.88980635    66.79232872    22.24316116 -1471.06152729]
Coefficients after iteration 6 are: [   12.7948339     85.03876723    34.42686641   284.30237507
   628.6721809    476.70901748   321.52732825    30.34177432
    45.46496233   402.5826984  -5123.56511342   -65.57699745
   -19.88982946    66.79254678    22.24307824 -1471.06143131]
