Central server contains 2900 number of recors
First node contains 3992 number of recors
Second node contains 3993 number of recors
Coefficients before iterations start are: [ 0.0216358   0.22843066  0.36183711  0.86910588  3.50070821  3.00057885
  1.82560385  0.53803323  0.45747878  0.27306922  1.1601112  -0.11292471
  0.62010708  0.32833225  0.27338948 -6.33305999]
Coefficients after iteration 1 are: [  0.61862126  -8.66346793  -0.33730851  -0.75000155  -6.65163191
  -1.93280458  -5.45748102  -5.5180761    2.43114013  37.02706039
 -44.96515473  -2.93890514  -8.91489686  -7.1573939  -10.52001313
 -32.75112048]
Coefficients after iteration 2 are: [-2.53984505e-01  3.70691622e+01 -5.97001981e+01 -4.70713868e+01
  1.24043948e+02  3.32948670e+01 -1.31875374e+01  3.08225939e+01
  2.35365517e+01  1.31345626e+02 -2.73286923e+02 -4.48655650e+00
  8.66152250e+01  8.69197961e+00  2.00849648e+01 -1.81224428e+02]
Coefficients after iteration 3 are: [   9.42647899 -247.52602242  -63.20462103  -28.41763738 -143.43324036
 -119.71653991   55.09647651  -93.15740143   44.77103325  431.18654018
 -756.07231592  -17.84532648 -179.02693206  -75.78692886 -180.79873823
 -626.74348286]
Coefficients after iteration 4 are: [   8.13294136 -100.68940777  -90.06208888  -50.05194817   36.59662336
  -35.65364392 -109.53445942  -59.32834885   63.07891163  597.93856825
 -942.85565851  -38.41447911   12.09377865  -76.40698423 -111.92248857
 -708.80221346]
Coefficients after iteration 5 are: [   8.13294136 -100.68940777  -90.06208888  -50.05194817   36.59662336
  -35.65364392 -109.53445942  -59.32834885   63.07891163  597.93856825
 -942.85565851  -38.41447911   12.09377865  -76.40698423 -111.92248857
 -708.80221346]
