Central server contains 3700 number of recors
First node contains 3592 number of recors
Second node contains 3593 number of recors
Coefficients before iterations start are: [ 0.0216358   0.22843066  0.36183711  0.86910588  3.50070821  3.00057885
  1.82560385  0.53803323  0.45747878  0.27306922  1.1601112  -0.11292471
  0.62010708  0.32833225  0.27338948 -6.33305999]
Coefficients after iteration 1 are: [  0.3766334   -0.90287338   0.08304689   0.25422353  -6.87806041
   1.27258348  -0.79487268  -1.61541351   2.7217988   16.47131612
 -29.45224401  -1.02324066  -9.0015195   -1.70586315 -10.96125749
 -22.69736638]
Coefficients after iteration 2 are: [   4.36242155   19.15621931  -96.82951141  -71.74538021  199.57156314
   -1.12186409  -10.23006069   55.52344859   56.02772152  101.17762235
 -591.43777516    4.69767984    4.76844436    9.39597153   24.9669375
 -317.21158913]
Coefficients after iteration 3 are: [ 8.33013873e+00  1.96936932e+00 -8.12632010e+01 -3.37934372e+01
 -4.00274593e+02  1.42937884e+02  7.50110822e+01  8.99122691e-01
  1.07030432e+02  3.20191469e+02 -1.04185462e+03 -3.14396750e+00
 -1.96164174e+01 -4.77922961e+00 -2.05532968e+02 -6.71011586e+02]
Coefficients after iteration 4 are: [    9.58078124     8.98865753   -82.23947928   -35.92090582
  -370.58881789   139.33690215    53.46436779     3.26179304
   108.03648055   337.68955772 -1074.46388281    -4.56531604
   -14.88329478   -10.85372721  -194.23194949  -681.88824966]
Coefficients after iteration 5 are: [    9.48984101    12.87656476   -83.14563716   -38.1283447
  -349.39458256   136.35945598    41.23774597     4.44793018
   108.90052761   349.50690971 -1097.82650226    -5.35543903
   -12.40614102   -14.10448329  -186.8350286   -689.49541522]
Coefficients after iteration 6 are: [    7.43338524    99.07819322  -107.28795429   -92.2744175
   141.90424798    59.98867489  -208.38483505    29.43626238
   133.07762966   612.09600331 -1649.12506629   -23.18731181
    31.4028062    -80.10557747   -25.11336967  -866.62825212]
Coefficients after iteration 7 are: [    8.44325231    99.08339752  -107.28817631   -92.27423697
   141.9078936     59.99112189  -208.38108449    29.43958829
   133.07939328   612.09646894 -1649.13310179   -23.18523157
    31.40608403   -80.10002154   -25.11266187  -866.61916442]
Coefficients after iteration 8 are: [    8.44325231    99.08339752  -107.28817631   -92.27423697
   141.9078936     59.99112189  -208.38108449    29.43958829
   133.07939328   612.09646894 -1649.13310179   -23.18523157
    31.40608403   -80.10002154   -25.11266187  -866.61916442]
