Central server contains 500 number of recors
First node contains 5192 number of recors
Second node contains 5193 number of recors
Coefficients before iterations start are: [ 0.0216358   0.22843066  0.36183711  0.86910588  3.50070821  3.00057885
  1.82560385  0.53803323  0.45747878  0.27306922  1.1601112  -0.11292471
  0.62010708  0.32833225  0.27338948 -6.33305999]
Coefficients after iteration 1 are: [  0.33265507   5.94868507   0.41405058   1.21429571 -22.06442631
   8.04757857   3.6372312    3.00337114   0.84802802   7.61262403
 -35.19007432   1.47618365 -24.94482474   5.17041831 -26.85759531
 -24.56991227]
Coefficients after iteration 2 are: [  0.64464863   4.26223581  -0.30405943   0.62892484 -37.57963344
  16.85587286  -1.27009105   3.88650293   1.72863216  13.66381213
 -66.10617124   1.72961024 -40.94033173   2.15040765 -46.60603854
 -39.82732828]
Coefficients after iteration 3 are: [   1.05814966   14.34062377   -3.30958562   -1.88246228  -68.87772672
   34.62090288    3.36545888    8.4567866     3.30294697   25.47172139
 -128.47166078    3.61307046  -73.21106033    9.70066853  -86.44370691
  -64.82933145]
Coefficients after iteration 4 are: [ 1.37845632e+00  1.34383697e+01 -4.65089770e+00 -2.40095810e+00
 -9.84108947e+01  5.13846506e+01  1.16587459e-01  1.04676114e+01
  5.15522926e+00  3.55272772e+01 -1.87319681e+02  4.84116160e+00
 -1.03660902e+02  8.82490620e+00 -1.24034586e+02 -9.14326087e+01]
Coefficients after iteration 5 are: [   2.96997542   29.71033394  -10.01313709   -4.3037839  -183.70643239
   99.79558211    2.28354918   22.1683232     9.5659152    64.0963838
 -357.28197728    9.29548021 -191.60959107   19.501392   -232.60209331
 -162.19923161]
Coefficients after iteration 6 are: [   8.83959034   52.85332393  -25.63764868  -11.38022786 -479.89073384
  267.87959906   -3.58368699   45.85455176   26.48324181  163.21572293
 -947.45928688   25.50531397 -497.02339763   36.22238097 -609.59055731
 -417.08416256]
Coefficients after iteration 7 are: [   10.47747593   105.36163189   -37.91727782   -16.37209929
  -697.2504884    391.24515543     7.66582244    79.41632925
    37.55531637   235.39844647 -1380.56597243    33.78106446
  -721.13005652    68.96470837  -886.24236601  -594.27941842]
Coefficients after iteration 8 are: [   10.85329827   117.95981044   -45.70255608   -18.98402505
  -848.14546113   476.89692443     4.64946553    91.99293279
    45.37885656   285.65483107 -1681.22964089    42.41312678
  -876.70261041    80.50240772 -1078.30512333  -722.99706748]
Coefficients after iteration 9 are: [   11.70515696   132.93743976   -52.00951761   -20.81848693
  -964.70934464   543.06971261     4.71628375   104.47022671
    51.49253994   324.16770256 -1913.50541685    48.87509426
  -996.88281011    90.44959379 -1226.68252955  -821.20101642]
Coefficients after iteration 10 are: [ -1561794.11607423   5355685.04148819  -2235522.82630669
   -688501.40456139 -41127486.80227346  23351047.90352127
    168094.2566459    4485084.94774975   2163647.16675936
  13579307.43137635 -81957977.62122072   2174872.53411939
 -42407177.02752567   3589144.18420326 -52350986.90306895
 -34608937.28357283]
