Central server contains 4300 number of recors
First node contains 3292 number of recors
Second node contains 3293 number of recors
Coefficients before iterations start are: [ 0.0216358   0.22843066  0.36183711  0.86910588  3.50070821  3.00057885
  1.82560385  0.53803323  0.45747878  0.27306922  1.1601112  -0.11292471
  0.62010708  0.32833225  0.27338948 -6.33305999]
Coefficients after iteration 1 are: [  0.75847973 -45.45670341  -3.6949358   -7.01098245  29.43689488
 -19.51092105 -27.52956947 -23.10680755   3.86406668 105.75005642
 -61.35291369 -13.30513009  18.32607456 -27.90472851  13.10928812
 -54.27278246]
Coefficients after iteration 2 are: [   3.44427604   67.26871506 -212.20498769 -116.63757181  264.76068056
   59.04480538  206.05752173   91.27177952   77.57084044  352.1557337
 -117.30123598    6.69804264  124.43022461   42.50835365   39.36234973
 -587.46097023]
Coefficients after iteration 3 are: [   5.43962172   -8.88456572 -209.73499468 -111.76000547  280.81592254
   66.6530215   160.52258773   53.07703936   79.77037592  387.14057013
 -134.85658787    9.01327014  146.66891467   16.81735843   58.71912034
 -607.36729062]
Coefficients after iteration 4 are: [ 5.19214191e+00 -4.32924239e+01 -2.07329901e+02 -1.07664985e+02
  2.78373813e+02  5.66845862e+01  1.53366226e+02  4.11155946e+01
  8.06971916e+01  4.28480355e+02 -1.64477468e+02  5.58817524e-01
  1.47758643e+02  7.85684051e+00  6.35474189e+01 -6.29944253e+02]
Coefficients after iteration 5 are: [ 5.26905956e+00 -4.32936950e+01 -2.07329804e+02 -1.07664790e+02
  2.78374665e+02  5.66841916e+01  1.53365577e+02  4.11152304e+01
  8.06973724e+01  4.28483417e+02 -1.64479395e+02  5.58343553e-01
  1.47759865e+02  7.85686447e+00  6.35478220e+01 -6.29945025e+02]
Coefficients after iteration 6 are: [ 5.26905956e+00 -4.32936950e+01 -2.07329804e+02 -1.07664790e+02
  2.78374665e+02  5.66841916e+01  1.53365577e+02  4.11152304e+01
  8.06973724e+01  4.28483417e+02 -1.64479395e+02  5.58343553e-01
  1.47759865e+02  7.85686447e+00  6.35478220e+01 -6.29945025e+02]
