Central server contains 4100 number of recors
First node contains 3392 number of recors
Second node contains 3393 number of recors
Coefficients before iterations start are: [ 0.0216358   0.22843066  0.36183711  0.86910588  3.50070821  3.00057885
  1.82560385  0.53803323  0.45747878  0.27306922  1.1601112  -0.11292471
  0.62010708  0.32833225  0.27338948 -6.33305999]
Coefficients after iteration 1 are: [  0.92256214 -15.52391162  -1.46734561  -2.60288076  -7.90679144
  -5.61337476 -11.43454337  -8.69498538   5.26831268  58.94908373
 -71.81407958  -5.18585531 -12.99005829  -9.94726005 -18.29773301
 -49.66821932]
Coefficients after iteration 2 are: [   2.30690216   36.39852555 -115.71340869  -67.12641645  156.09064117
   48.38362822   75.22569675   64.7783483    51.6996132    48.89857163
 -404.54265569   17.17989899   77.85233074   44.91894752   45.06007347
 -332.33730377]
Coefficients after iteration 3 are: [   7.24961381  -73.56027781  -92.30085247  -14.94447996   64.82877969
   36.33371055 -105.28682451 -104.13219462   68.77635328  418.23974342
 -706.02136949  -37.46161256   63.95530316  -53.02557688  -83.16445779
 -518.22170926]
Coefficients after iteration 4 are: [ 9.41951797e+00 -9.05081020e-01 -1.48618305e+02 -1.10469246e+02
  2.20571015e+02  3.01564616e+01  2.92332760e+01  6.15342586e+01
  9.67962862e+01  4.30846803e+02 -1.03724018e+03 -2.55853250e+01
  2.36779941e+01 -4.55674019e+00 -2.75720818e+01 -7.38657985e+02]
Coefficients after iteration 5 are: [    9.72178624   -12.70862273  -147.63175848  -108.33828282
   200.47955459    46.23983799    22.28265028    54.92813343
   105.61531244   442.93374983 -1100.08956022   -17.95506553
    45.90593167    -1.41906436   -36.44515346  -777.00254922]
Coefficients after iteration 6 are: [   10.41721947   -30.53700172  -147.60865107   -98.52751237
   170.61512021    71.05159857     5.88813746    38.07249566
   150.72628285   534.19377421 -1558.22279421     4.00090388
   123.71704831    -5.30872626   -47.51976081 -1030.13081893]
Coefficients after iteration 7 are: [   10.41721947   -30.53700172  -147.60865107   -98.52751237
   170.61512021    71.05159857     5.88813746    38.07249566
   150.72628285   534.19377421 -1558.22279421     4.00090388
   123.71704831    -5.30872626   -47.51976081 -1030.13081893]
