Central server contains 1600 number of recors
First node contains 4642 number of recors
Second node contains 4643 number of recors
Coefficients before iterations start are: [ 0.0216358   0.22843066  0.36183711  0.86910588  3.50070821  3.00057885
  1.82560385  0.53803323  0.45747878  0.27306922  1.1601112  -0.11292471
  0.62010708  0.32833225  0.27338948 -6.33305999]
Coefficients after iteration 1 are: [  0.17695429   0.94806069   0.33404909   0.8128808   -2.16419095
   2.94114854   1.59347671   0.18278813   0.82879776   4.66480033
 -10.0370067   -0.17433047  -5.4557326    0.58060546  -5.90790415
 -12.45762419]
Coefficients after iteration 2 are: [  0.64160086   5.11905384  -2.15527468  -2.2464255   -4.43395217
  11.71571777 -10.82500334   0.26088418   2.59172283  21.23162583
 -47.99309279  -0.93945255 -10.10174291  -3.95354577 -15.14338412
 -31.62629448]
Coefficients after iteration 3 are: [-2.83629720e+05 -3.00130146e+06 -1.20588012e+07 -8.70756725e+06
 -2.75631766e+07  1.75803138e+06  2.86756601e+07  6.67274294e+06
  6.37666138e+06  3.27551570e+07 -1.52928607e+08  9.20728231e+05
 -5.83829802e+07  1.64568975e+07 -4.83378122e+07 -7.93535701e+07]
Coefficients after iteration 4 are: [-2.82595480e+05 -3.00130146e+06 -1.20588012e+07 -8.70756725e+06
 -2.75631766e+07  1.75803138e+06  2.86756601e+07  6.67274294e+06
  6.37666138e+06  3.27551570e+07 -1.52928607e+08  9.20728231e+05
 -5.83829802e+07  1.64568975e+07 -4.83378122e+07 -7.93535701e+07]
Coefficients after iteration 5 are: [-2.81561240e+05 -3.00130146e+06 -1.20588012e+07 -8.70756725e+06
 -2.75631766e+07  1.75803138e+06  2.86756601e+07  6.67274294e+06
  6.37666138e+06  3.27551570e+07 -1.52928607e+08  9.20728231e+05
 -5.83829802e+07  1.64568975e+07 -4.83378122e+07 -7.93535701e+07]
Coefficients after iteration 6 are: [-2.80530672e+05 -3.00125119e+06 -1.20588012e+07 -8.70756725e+06
 -2.75631766e+07  1.75803138e+06  2.86756601e+07  6.67274294e+06
  6.37666138e+06  3.27551570e+07 -1.52928607e+08  9.20728231e+05
 -5.83829802e+07  1.64568975e+07 -4.83377619e+07 -7.93535198e+07]
Coefficients after iteration 7 are: [-2.79499932e+05 -3.00125119e+06 -1.20588012e+07 -8.70756725e+06
 -2.75631766e+07  1.75803138e+06  2.86756601e+07  6.67274294e+06
  6.37666138e+06  3.27551570e+07 -1.52928656e+08  9.20728231e+05
 -5.83830293e+07  1.64568975e+07 -4.83378110e+07 -7.93535198e+07]
Coefficients after iteration 8 are: [-2.78469364e+05 -3.00125119e+06 -1.20588012e+07 -8.70756725e+06
 -2.75631766e+07  1.75803138e+06  2.86756601e+07  6.67274294e+06
  6.37666138e+06  3.27551570e+07 -1.52928706e+08  9.20728231e+05
 -5.83830293e+07  1.64568975e+07 -4.83378613e+07 -7.93535701e+07]
Coefficients after iteration 9 are: [-2.76231017e+05 -3.00125119e+06 -1.20588012e+07 -8.70756725e+06
 -2.75631766e+07  1.75803138e+06  2.86756601e+07  6.67274294e+06
  6.37666138e+06  3.27551570e+07 -1.52928706e+08  9.20728231e+05
 -5.83830293e+07  1.64568975e+07 -4.83378613e+07 -7.93537885e+07]
Coefficients after iteration 10 are: [-2.75196777e+05 -3.00125119e+06 -1.20588012e+07 -8.70756725e+06
 -2.75631766e+07  1.75803138e+06  2.86756601e+07  6.67274294e+06
  6.37666138e+06  3.27551570e+07 -1.52928706e+08  9.20728231e+05
 -5.83830293e+07  1.64568975e+07 -4.83378613e+07 -7.93537885e+07]
