Central server contains 3000 number of recors
First node contains 3942 number of recors
Second node contains 3943 number of recors
Coefficients before iterations start are: [ 0.0216358   0.22843066  0.36183711  0.86910588  3.50070821  3.00057885
  1.82560385  0.53803323  0.45747878  0.27306922  1.1601112  -0.11292471
  0.62010708  0.32833225  0.27338948 -6.33305999]
Coefficients after iteration 1 are: [ 4.63305154e-01 -5.08096306e+00  7.28055097e-03  4.48400078e-02
 -8.34010016e+00  4.32535856e-01 -2.03144341e+00 -2.97140327e+00
  1.81535311e+00  2.59756893e+01 -3.58054190e+01 -1.57165561e+00
 -1.00944848e+01 -3.68079088e+00 -1.12322272e+01 -2.66396617e+01]
Coefficients after iteration 2 are: [   1.13640385   73.74103854  -61.75043907  -49.73303513  115.67626845
   76.65250925  -67.38477448   35.9230305    25.94221838  180.75256041
 -364.06753406   -5.39103823  108.94824606  -17.16731108   34.15203165
 -197.44720407]
Coefficients after iteration 3 are: [   8.78532766 -196.10221315  -67.4246314   -45.09070863  -63.76456012
 -155.85799314   65.19141124  -41.70256276   37.44783857  399.7525128
 -766.30345491  -36.26907109 -387.55303144    7.30362901 -310.18970612
 -582.63227399]
Coefficients after iteration 4 are: [    9.67857006   -46.57977516   -92.65058377   -57.48944863
    54.4148263    -47.16484453  -129.06106123   -28.56593005
    53.83800288   643.14967797 -1070.5559072    -45.38000049
  -207.42932979  -101.40977968  -209.81765722  -728.68511024]
Coefficients after iteration 5 are: [    9.67857006   -46.57977516   -92.65058377   -57.48944863
    54.4148263    -47.16484453  -129.06106123   -28.56593005
    53.83800288   643.14967797 -1070.5559072    -45.38000049
  -207.42932979  -101.40977968  -209.81765722  -728.68511024]
