Central server contains 1400 number of recors
First node contains 4742 number of recors
Second node contains 4743 number of recors
Coefficients before iterations start are: [ 0.0216358   0.22843066  0.36183711  0.86910588  3.50070821  3.00057885
  1.82560385  0.53803323  0.45747878  0.27306922  1.1601112  -0.11292471
  0.62010708  0.32833225  0.27338948 -6.33305999]
Coefficients after iteration 1 are: [  0.87795244   6.59918962  -0.2004666   -0.20776863 -33.28090835
   1.7310328   -2.84497671  -4.1252192    3.65558596  33.34919153
 -80.40948671  -1.63160404 -40.59134158   0.73743354 -42.40990167
 -52.4259877 ]
Coefficients after iteration 2 are: [   3.59766656   29.13638084  -49.80917872  -41.50597516   42.75588292
  119.08531862  -68.51268347   30.39655001   27.4154336   186.15534561
 -426.40802063  -15.63219103    2.4466646   -51.76778988  -66.36259485
 -212.88492142]
Coefficients after iteration 3 are: [ 1.11331547e+01  5.95845665e+01 -7.29991377e+01 -3.57983822e+01
 -1.99557657e+02 -3.75154359e+02  1.87602591e+02 -4.32733485e+01
  6.71292202e+01  1.74306191e+02 -1.37356420e+03 -3.86803802e-01
 -9.41774969e+02  1.79926512e+02 -6.02405269e+02 -8.84008495e+02]
Coefficients after iteration 4 are: [   11.79416452    65.98379636   -73.53723237   -36.27078341
  -189.83104788  -360.9179337    150.83158814   -41.46777928
    68.90910372   198.25092189 -1414.37235296    -4.2174788
  -936.1223838    155.19060653  -604.89305417  -906.14351438]
Coefficients after iteration 5 are: [   15.43171704   118.34771917   -82.08889087   -45.0175632
  -108.05190989  -238.25549713  -110.38354909   -22.96093122
    87.16967383   400.78447942 -1765.95087      -32.74744262
  -887.42229171   -20.17221442  -626.3339759  -1079.1633335 ]
Coefficients after iteration 6 are: [    7.69610006   361.34914562  -304.1599425   -301.05507081
    81.59818379   676.87354579  -306.73750311   102.55965933
   262.38755888  1687.95948444 -4389.12818521  -120.41878178
  -524.07067701  -152.93949537  -795.26240477 -2168.18144463]
Coefficients after iteration 7 are: [    7.69610006   361.34914562  -304.1599425   -301.05507081
    81.59818379   676.87354579  -306.73750311   102.55965933
   262.38755888  1687.95948444 -4389.12818521  -120.41878178
  -524.07067701  -152.93949537  -795.26240477 -2168.18144463]
