Central server contains 9800 number of recors
First node contains 542 number of recors
Second node contains 543 number of recors
Coefficients before iterations start are: [ 0.0216358   0.22843066  0.36183711  0.86910588  3.50070821  3.00057885
  1.82560385  0.53803323  0.45747878  0.27306922  1.1601112  -0.11292471
  0.62010708  0.32833225  0.27338948 -6.33305999]
Coefficients after iteration 1 are: [  0.22087641  -4.92563709  -0.03881502  -0.04138864   2.05286421
   0.61810568  -2.16709474  -1.34140132   2.76614657  13.95773937
 -15.40321298  -1.66758609  -1.92764188  -0.89200622  -5.51367991
 -16.43362839]
Coefficients after iteration 2 are: [  0.98098311   5.53526086 -14.82248431 -14.2314858   32.43366947
   5.9073129   -9.42675005   3.04775235  15.96734178  68.51257461
 -89.8762512   -4.75603427  19.7103355  -10.68466736   0.9367437
 -60.71090249]
Coefficients after iteration 3 are: [   6.35823039 -164.76623187  -34.73874163  -26.1004808   -65.1722209
 -104.31313043   41.89467016  -19.31947813   64.06759304  276.25595933
 -412.45111866  -24.27250152 -154.90782221   39.78423737 -198.39367636
 -338.87807315]
Coefficients after iteration 4 are: [   8.63202483 -118.46819728  -52.57934922  -40.2046858    31.1858332
  -69.82702124  -64.13370243  -20.94468901   87.98752864  403.92435969
 -542.21084923  -38.51914394  -53.66824387  -37.22186533 -151.41003308
 -424.73603507]
Coefficients after iteration 5 are: [   6.11478535 -105.16886314  -70.14016856  -56.49015317   79.64368717
  -54.0048153   -80.04534302  -13.88040692  108.10080129  484.73291563
 -656.24235754  -41.32606775   -8.5385429   -45.68163417 -139.25328529
 -490.25586257]
Coefficients after iteration 6 are: [   7.86374412 -105.15971743  -70.15253042  -56.49995846   79.67509237
  -53.99485403  -80.04408577  -13.87247755  108.11815057  484.80401296
 -656.34738961  -41.32569987   -8.51109889  -45.67434115 -139.24618861
 -490.29326877]
Coefficients after iteration 7 are: [   7.96470643 -105.08286887  -70.43764549  -56.75709879   80.25680503
  -53.8164014   -80.1282666   -13.78254208  108.44783585  486.25466674
 -658.4933736   -41.39601301   -8.07589295  -45.74221049 -139.17823235
 -491.55427075]
Coefficients after iteration 8 are: [   7.86093992 -105.08279382  -70.43924015  -56.75860134   80.25952035
  -53.81556636  -80.12905502  -13.78225514  108.44949343  486.26209989
 -658.50440317  -41.39650747   -8.07398292  -45.74309177 -139.1781012
 -491.56219893]
Coefficients after iteration 9 are: [   7.91921419 -105.07316171  -70.47579449  -56.79184166   80.33452206
  -53.79251128  -80.13990784  -13.77064892  108.49207499  486.44958749
 -658.78189855  -41.40571997   -8.01815483  -45.75135059 -139.16922249
 -491.7247098 ]
Coefficients after iteration 10 are: [   7.46991028 -103.13120659  -77.96522756  -63.59370422   95.60171776
  -49.09914538  -82.37869948  -11.42712596  117.19001238  524.72501378
 -715.44389712  -43.28937261    3.33126065  -47.51664349 -137.3995118
 -525.08294797]
