Central server contains 2000 number of recors
First node contains 4442 number of recors
Second node contains 4443 number of recors
Coefficients before iterations start are: [ 0.0216358   0.22843066  0.36183711  0.86910588  3.50070821  3.00057885
  1.82560385  0.53803323  0.45747878  0.27306922  1.1601112  -0.11292471
  0.62010708  0.32833225  0.27338948 -6.33305999]
Coefficients after iteration 1 are: [  0.22725289   0.4925142    0.34359335   0.83502981  -4.47907674
   3.09198817   1.7289847    0.12330425   1.15450293   6.53224297
 -13.97932838  -0.11089364  -7.48992496   0.74548369  -8.21703616
 -14.43757239]
Coefficients after iteration 2 are: [  1.20306231   7.59014385  -3.6867815   -3.51170606 -18.97702392
  17.76241839 -16.65966952   0.73128697   5.57333064  40.65607593
 -91.21782811  -0.90475353 -24.18313157  -5.6411188  -33.99368214
 -52.64158114]
Coefficients after iteration 3 are: [ 2.44713991e+00  3.40226057e+00 -1.26136948e+01 -1.04352754e+01
 -4.93946518e+01  2.81882496e+01 -1.57171236e+00  4.78188612e+00
  1.32290929e+01  7.91605715e+01 -2.20219426e+02 -2.58310254e-02
 -6.82250462e+01  2.98675647e+00 -8.15612334e+01 -1.18475658e+02]
Coefficients after iteration 4 are: [ 4.99966908e+00  2.57908057e+01 -2.25276672e+01 -1.64774009e+01
 -9.87348466e+01  7.21838453e+01 -3.21621949e+01  7.57386564e+00
  2.83018792e+01  1.71838469e+02 -4.63506215e+02 -1.23970523e-01
 -1.24105804e+02 -8.61225751e+00 -1.62781859e+02 -2.32505671e+02]
Coefficients after iteration 5 are: [ 8.31978327e+00  2.31653577e+01 -4.32783964e+01 -3.26839713e+01
 -1.72857610e+02  1.21025524e+02 -2.74567443e+01  1.38815039e+01
  4.84594416e+01  2.89492765e+02 -8.10887026e+02 -3.03883330e-01
 -2.19109140e+02 -5.49276859e+00 -2.81503105e+02 -4.02118183e+02]
Coefficients after iteration 6 are: [ 9.67337836e+00  3.61330560e+01 -5.53620784e+01 -3.95650991e+01
 -2.20516359e+02  1.56246602e+02 -4.15844644e+01  1.83068473e+01
  6.16868797e+01  3.68200762e+02 -1.03782079e+03  5.57892147e-01
 -2.77576684e+02 -8.95468833e+00 -3.57875574e+02 -5.10801280e+02]
Coefficients after iteration 7 are: [ 9.36607989e+00  4.04534297e+01 -6.08748086e+01 -4.30874762e+01
 -2.41890928e+02  1.71658079e+02 -4.63828491e+01  1.99470908e+01
  6.75971423e+01  4.03350852e+02 -1.13949515e+03  7.27546131e-01
 -3.04140194e+02 -9.85150097e+00 -3.92111333e+02 -5.59651338e+02]
Coefficients after iteration 8 are: [-2.41400002e+06  1.69717674e+07 -2.24202311e+07 -1.46956911e+07
 -8.73952348e+07  6.29386079e+07 -1.88542432e+07  7.02954843e+06
  2.41647507e+07  1.43747764e+08 -4.15810139e+08  1.95905664e+05
 -1.08694317e+08 -3.37355680e+06 -1.39941347e+08 -1.99835166e+08]
Coefficients after iteration 9 are: [-8.87992904e+05  1.69717674e+07 -2.24202311e+07 -1.46956911e+07
 -8.74826973e+07  6.29386079e+07 -1.88542432e+07  7.02954843e+06
  2.41647507e+07  1.43747764e+08 -4.15810139e+08  1.95905664e+05
 -1.08781780e+08 -3.37355680e+06 -1.40024921e+08 -1.99918740e+08]
Coefficients after iteration 10 are: [-7.05159768e+05  1.69717674e+07 -2.24202311e+07 -1.46956911e+07
 -8.74826973e+07  6.29386079e+07 -1.88542432e+07  7.02954843e+06
  2.41647507e+07  1.43747764e+08 -4.15810139e+08  1.95905664e+05
 -1.08781780e+08 -3.37355680e+06 -1.40065349e+08 -1.99959169e+08]
