Central server contains 1000 number of recors
First node contains 4942 number of recors
Second node contains 4943 number of recors
Coefficients before iterations start are: [ 0.0216358   0.22843066  0.36183711  0.86910588  3.50070821  3.00057885
  1.82560385  0.53803323  0.45747878  0.27306922  1.1601112  -0.11292471
  0.62010708  0.32833225  0.27338948 -6.33305999]
Coefficients after iteration 1 are: [   5.69944974   12.66654605 -113.99560498 -127.086663     88.05812654
  -18.57861518   16.56889782   30.18558944   -1.23102851  236.05521781
 -588.36644559   -8.94913267   59.82133193   35.85637968   28.97616511
 -514.82090934]
Coefficients after iteration 2 are: [-1.51893702e-01  1.90902382e+01 -8.66646166e+03 -3.97250223e+03
 -1.58374598e+02 -7.45632392e+02 -1.34568888e+03 -1.02530361e+02
 -3.72618316e+02 -1.09462303e+02 -6.37338669e+04 -3.09767469e+01
 -1.54003669e+01  2.58599353e+01  7.13822152e+01 -5.34057320e+00]
Coefficients after iteration 3 are: [ 5.04214817e+00  2.36293044e+01 -8.64955875e+03 -3.93086337e+03
  2.62418125e+02 -5.08240111e+02 -1.10643123e+03  3.33744426e+01
 -3.25287377e+02  2.30062722e+02 -6.37651862e+04 -7.42320275e+01
  1.10938415e+02 -1.94219611e+02 -1.43553618e+02 -3.54283358e+02]
Coefficients after iteration 4 are: [ 7.13606689e+00  6.52265998e+01 -8.61318215e+03 -3.84097003e+03
 -8.41235841e+00 -5.33695235e+01 -5.91635023e+02  4.49797462e+01
 -2.31309879e+02  4.71991676e+02 -6.38326264e+04 -5.66259457e+01
  1.23453504e+02  5.94700498e+01  5.51202162e+01 -5.94839728e+02]
Coefficients after iteration 5 are: [ 8.63214547e+00 -3.46647518e+00 -7.74669127e+03 -1.70540188e+03
  1.21911554e+02  1.05388769e+02  6.58391375e+01  8.50236567e+01
  4.75572968e+02  4.32368789e+02 -6.54414565e+04  4.60659155e+00
  7.55333274e+01 -3.95123813e+01 -5.12723594e+01 -7.50145919e+02]
Coefficients after iteration 6 are: [ 9.07313010e+00  8.81745017e+01  4.59111044e+03  4.32773984e+03
  4.76205113e+03  4.65085113e+03  4.52157956e+03 -5.21500975e+01
  2.66251584e+01  3.70643789e+02 -9.04748036e+04 -4.48464945e+01
  2.05075384e+01  1.25294131e+02 -1.81067560e+01 -5.35608229e+03]
Coefficients after iteration 7 are: [ 9.90794081e+00  2.58181616e+01  4.30190632e+03  4.42786459e+03
  4.63715401e+03  4.44864888e+03  4.46083716e+03  1.24761267e+01
  5.47641881e+01  4.14012039e+02 -9.08703798e+04 -7.64537182e+00
  1.02524072e+02  7.68063141e+01  3.04222980e+01 -5.33051274e+03]
Coefficients after iteration 8 are: [ 1.02851836e+01  2.96419087e+01  4.30606605e+03  4.21021357e+03
  4.58455607e+03  4.43415594e+03  4.37448334e+03  2.14159168e+01
  2.92645859e+01  4.00043222e+02 -9.11339824e+04 -3.29362631e+01
  6.69008380e+01  7.85098151e+01  6.69829628e+01 -5.29248822e+03]
Coefficients after iteration 9 are: [ 1.08959891e+01  3.60529368e+01  4.22036913e+03  4.27625110e+03
  4.50230573e+03  4.32253403e+03  4.32597071e+03  1.57426288e+01
  4.67300467e+01  4.07669850e+02 -9.13145993e+04 -1.72500964e+00
  9.83766395e+01  5.47343050e+01  4.04889628e+01 -5.27949115e+03]
Coefficients after iteration 10 are: [ 1.08959891e+01  3.60529368e+01  4.22036913e+03  4.27625110e+03
  4.50230573e+03  4.32253403e+03  4.32597071e+03  1.57426288e+01
  4.67300467e+01  4.07669850e+02 -9.13145993e+04 -1.72500964e+00
  9.83766395e+01  5.47343050e+01  4.04889628e+01 -5.27949115e+03]
