Central server contains 9900 number of recors
First node contains 492 number of recors
Second node contains 493 number of recors
Coefficients before iterations start are: [ 0.0216358   0.22843066  0.36183711  0.86910588  3.50070821  3.00057885
  1.82560385  0.53803323  0.45747878  0.27306922  1.1601112  -0.11292471
  0.62010708  0.32833225  0.27338948 -6.33305999]
Coefficients after iteration 1 are: [  0.28067396 -10.70853667  -0.69540777  -1.32059861  12.53431159
  -2.49700125  -6.32159909  -3.61269112   4.11372519  22.15159377
 -13.03728299  -3.66845792   7.48724691  -3.83186694   1.7102659
 -16.82397483]
Coefficients after iteration 2 are: [   2.25600616   15.77732903  -71.60032352  -55.71229822  116.83130038
  -26.64889499   58.92272586   25.70854929   60.35718023  221.91293223
 -125.0673948   -32.08200568  -38.0419247    39.50931828  -59.40831335
 -191.10651822]
Coefficients after iteration 3 are: [   2.54971792 -111.63679945  -81.82832573  -60.24069316  218.56931437
  -11.15566182 -107.88616226  -21.22309986   90.40654825  362.50995734
 -188.7443586   -40.05218181  142.17771132 -103.67398087   58.03760535
 -318.71727441]
Coefficients after iteration 4 are: [   3.05461056 -111.63584859  -81.8286655   -60.2408084   218.57386882
  -11.15600428 -107.88418574  -21.2219511    90.40830687  362.51537098
 -188.74691866  -40.05211077  142.18121487 -103.67001927   58.03839276
 -318.71356549]
Coefficients after iteration 5 are: [   3.05461056 -111.63584859  -81.8286655   -60.2408084   218.57386882
  -11.15600428 -107.88418574  -21.2219511    90.40830687  362.51537098
 -188.74691866  -40.05211077  142.18121487 -103.67001927   58.03839276
 -318.71356549]
