Central server contains 3200 number of recors
First node contains 3842 number of recors
Second node contains 3843 number of recors
Coefficients before iterations start are: [ 0.0216358   0.22843066  0.36183711  0.86910588  3.50070821  3.00057885
  1.82560385  0.53803323  0.45747878  0.27306922  1.1601112  -0.11292471
  0.62010708  0.32833225  0.27338948 -6.33305999]
Coefficients after iteration 1 are: [  0.25669374  -0.89571348   0.24632267   0.61047231  -3.2885956
   2.26488979   0.64846739  -0.47081002   1.8162588    9.73397967
 -16.4174451   -0.5114986   -5.81808882  -0.52918271  -7.24025566
 -15.69822126]
Coefficients after iteration 2 are: [   0.73674621   19.48746654  -14.14545697  -12.51304353   22.14504376
   30.10139168  -33.81417718    6.37619746   13.15205734   64.09904988
 -126.69226063   -2.10005358   20.71958938  -13.5051991    -4.31521409
  -65.13996633]
Coefficients after iteration 3 are: [   4.43851551  -86.03816199  -26.10118121  -12.53372555  -86.00398179
 -192.45228567   77.24646522   -7.37367645   39.1423468   147.29459524
 -492.37267199  -14.99014292 -374.38369065   45.55207456 -240.39596585
 -341.26752069]
Coefficients after iteration 4 are: [ 9.82023263e+00  7.38977755e+01 -3.92399998e+01 -2.20738480e+01
  2.26427149e+01 -8.07459494e+01 -2.08262563e+02  2.93900626e-02
  7.15022266e+01  3.85628188e+02 -8.34717625e+02 -2.51222214e+01
 -2.54291122e+02 -1.13792416e+02 -2.10466155e+02 -5.10064661e+02]
Coefficients after iteration 5 are: [    5.0612527   -180.007292    -216.42271789  -192.56117036
   -63.94977124   298.06239902    65.45612097   101.33140422
   216.9181727    861.27604478 -2112.81409114   -30.5727673
    44.98309459    70.98712776  -340.70016672 -1144.56940638]
Coefficients after iteration 6 are: [    5.0612527   -180.007292    -216.42271789  -192.56117036
   -63.94977124   298.06239902    65.45612097   101.33140422
   216.9181727    861.27604478 -2112.81409114   -30.5727673
    44.98309459    70.98712776  -340.70016672 -1144.56940638]
