Central server contains 3300 number of recors
First node contains 3792 number of recors
Second node contains 3793 number of recors
Coefficients before iterations start are: [ 0.0216358   0.22843066  0.36183711  0.86910588  3.50070821  3.00057885
  1.82560385  0.53803323  0.45747878  0.27306922  1.1601112  -0.11292471
  0.62010708  0.32833225  0.27338948 -6.33305999]
Coefficients after iteration 1 are: [  0.32364679   0.14257626   0.20519979   0.55718755  -7.90469585
   2.47552938   0.54352025  -0.64276074   3.57673517  11.72184821
 -26.05106185  -0.42883695 -10.07688781  -0.06335288 -12.91264622
 -20.44685525]
Coefficients after iteration 2 are: [ 8.02410117e-01  1.44461454e+02 -1.07128378e+02 -9.19586313e+01
  2.14553103e+02  2.58271950e+02 -2.41857687e+02  6.74533301e+01
  1.06056987e+02  3.21754170e+02 -7.63330498e+02 -1.30072982e+01
  2.22184577e+02 -1.01579201e+02  2.20697045e-01 -3.09676764e+02]
Coefficients after iteration 3 are: [   2.95043305  130.31219352 -106.58702364  -89.77924449  193.83439742
  217.9474722  -223.13809274   62.67409496  112.1044725   330.39056161
 -810.52044639  -15.82339907  146.5363658   -89.38740682  -44.45876742
 -355.95593128]
Coefficients after iteration 4 are: [ 1.14743545e+01 -4.26691902e+01 -1.04625604e+02 -6.97904664e+01
 -8.99603791e+01 -2.21662702e+02  1.66557556e+01  7.73357887e-01
  1.78661485e+02  4.09011299e+02 -1.41883738e+03 -2.02588169e+01
 -6.59398848e+02  5.86089009e+01 -4.81933528e+02 -8.56157013e+02]
Coefficients after iteration 5 are: [   10.89047082   154.03816421  -136.44450933  -102.16658261
    31.40510741     8.7257523   -204.90300272    46.82077661
   250.5654126    689.53441406 -2023.14681699   -18.69864865
  -439.57260483  -114.97791241  -464.30052543 -1071.25131473]
Coefficients after iteration 6 are: [   11.90030822   154.04406438  -136.44440843  -102.1662281
    31.40708126     8.72941375  -204.89968068    46.8235491
   250.56766235   689.53891402 -2023.15664819   -18.69689664
  -439.56928122  -114.97214693  -464.30033218 -1071.24192969]
Coefficients after iteration 7 are: [   11.90030822   154.04406438  -136.44440843  -102.1662281
    31.40708126     8.72941375  -204.89968068    46.8235491
   250.56766235   689.53891402 -2023.15664819   -18.69689664
  -439.56928122  -114.97214693  -464.30033218 -1071.24192969]
