Central server contains 1200 number of recors
First node contains 4842 number of recors
Second node contains 4843 number of recors
Coefficients before iterations start are: [ 0.0216358   0.22843066  0.36183711  0.86910588  3.50070821  3.00057885
  1.82560385  0.53803323  0.45747878  0.27306922  1.1601112  -0.11292471
  0.62010708  0.32833225  0.27338948 -6.33305999]
Coefficients after iteration 1 are: [ 3.22962995e-01  1.75882904e+00  1.43459680e-01  4.48936301e-01
 -8.29307121e+00  2.54143618e+00  2.51838244e-02 -1.80318856e+00
  5.56866495e-01  1.33745286e+01 -2.61997126e+01 -6.72406994e-01
 -1.19888020e+01 -5.43009577e-01 -1.16875779e+01 -2.16259024e+01]
Coefficients after iteration 2 are: [   3.55590499   27.99219777  -72.64567336  -57.42494108  154.34282882
   50.30535538  -50.42624031   36.44815127   13.99841894  123.96108714
 -500.37010811   -9.90943973  -24.55481591   -5.00058561   -6.21456991
 -268.37254044]
Coefficients after iteration 3 are: [   8.74271472   34.98644901  -61.79975046  -26.38640919 -451.43912636
  184.8044195    88.34754727  -14.77504673   34.47897944  258.92505535
 -982.24492501    2.21130427 -178.17847115   10.85041183 -243.56828699
 -628.44057281]
Coefficients after iteration 4 are: [    9.96438784    60.81282817   -63.88925066   -32.04284345
  -375.60851687   219.07853959    -8.28594857    -8.16360112
    37.2093275    323.82182701 -1093.75418902    -6.28829284
  -143.95630302    -7.74744758  -211.30974145  -668.22660385]
Coefficients after iteration 5 are: [    7.91474575   113.80917637  -125.42373857   -94.3603271
   132.81460858   212.24537374  -194.16628636    24.15050459
    45.5978917    647.70867388 -1847.61207175   -37.72234539
  -158.48089819   -77.42590811   -67.69237315  -942.38794261]
Coefficients after iteration 6 are: [    9.42954404   113.81917261  -125.42370878   -94.3597778
   132.81816534   212.24947463  -194.16054352    24.15500028
    45.59941528   647.70950121 -1847.62433392   -37.7191743
  -158.47845156   -77.41705892   -67.69256419  -942.37450757]
Coefficients after iteration 7 are: [    9.42954404   113.81917261  -125.42370878   -94.3597778
   132.81816534   212.24947463  -194.16054352    24.15500028
    45.59941528   647.70950121 -1847.62433392   -37.7191743
  -158.47845156   -77.41705892   -67.69256419  -942.37450757]
