Central server contains 8400 number of recors
First node contains 1242 number of recors
Second node contains 1243 number of recors
Coefficients before iterations start are: [ 0.0216358   0.22843066  0.36183711  0.86910588  3.50070821  3.00057885
  1.82560385  0.53803323  0.45747878  0.27306922  1.1601112  -0.11292471
  0.62010708  0.32833225  0.27338948 -6.33305999]
Coefficients after iteration 1 are: [  0.55643743 -12.29167243  -0.56417334  -1.16688001   0.75091827
  -3.47882273  -7.18377044  -5.4481623    2.09117156  37.65622373
 -36.35708763  -3.63402513  -5.37150981  -5.36402097  -8.17995364
 -29.7696981 ]
Coefficients after iteration 2 are: [-1.08017051e-01  2.66985294e+01 -5.46409738e+01 -4.12483663e+01
  1.11496910e+02  1.89695380e+01  1.18683203e+01  2.73457831e+01
  1.94850870e+01  1.34682355e+02 -1.84006990e+02 -3.29452897e+00
  8.39391203e+01  6.71208545e+00  1.90226747e+01 -1.50672534e+02]
Coefficients after iteration 3 are: [   8.01518117 -236.72255283  -61.54525707  -27.38124652  -15.97338563
 -101.47030464   10.78729289  -74.89599988   37.38206876  379.94332666
 -493.4531221   -23.8553972   -81.30472396  -49.07905662 -139.01701162
 -527.75296338]
Coefficients after iteration 4 are: [   9.20941978 -180.7407351   -74.387061    -39.35607641   64.62653834
  -72.30792875  -38.30903978  -59.23131268   44.59052336  446.58251071
 -550.82274155  -30.52491207   -4.44439715  -52.52877603 -100.70666842
 -555.9849286 ]
Coefficients after iteration 5 are: [   9.00118378 -170.34711793  -77.43335738  -42.37417362   77.78556136
  -67.5223189   -42.18111971  -55.35001821   46.27757515  459.15535647
 -565.88505193  -31.24937684    6.68993194  -52.24157513  -95.09495396
 -564.21698804]
Coefficients after iteration 6 are: [   8.89993621 -164.07825635  -79.37919793  -44.41205784   85.61942095
  -64.6442159   -44.04986483  -52.95573197   47.37391852  467.07705738
 -575.80753653  -31.7041697    13.00150484  -51.86208932  -91.84104613
 -569.80021563]
Coefficients after iteration 7 are: [   8.80458873 -160.80649129  -80.4050005   -45.50271984   89.64248324
  -63.15316262  -44.87517884  -51.69531643   47.96990719  471.29162497
 -581.20566833  -31.9329998    16.11723826  -51.64370296  -90.25172427
 -572.89504274]
Coefficients after iteration 8 are: [   8.7324697  -159.27329074  -80.9081968   -46.0266974    91.532531
  -62.43764984  -45.220918    -51.07941637   48.25527504  473.32727543
 -583.87022077  -32.04291541   17.54625517  -51.51799696  -89.51342485
 -574.45224543]
Coefficients after iteration 9 are: [   8.71933966 -157.83805658  -81.39000065  -46.52756599   93.31688875
  -61.76913666  -45.53798657  -50.48360116   48.52803676  475.26019045
 -586.43571619  -32.1466262    18.89002497  -51.40624863  -88.81229013
 -575.96592811]
Coefficients after iteration 10 are: [   8.67378882 -157.09570002  -81.64234328  -46.78896854   94.2414319
  -61.42078756  -45.69846528  -50.16851083   48.66998788  476.27431646
 -587.78682213  -32.19888721   19.58649784  -51.35298198  -88.44724014
 -576.76565085]
