Central server contains 2400 number of recors
First node contains 4242 number of recors
Second node contains 4243 number of recors
Coefficients before iterations start are: [ 0.0216358   0.22843066  0.36183711  0.86910588  3.50070821  3.00057885
  1.82560385  0.53803323  0.45747878  0.27306922  1.1601112  -0.11292471
  0.62010708  0.32833225  0.27338948 -6.33305999]
Coefficients after iteration 1 are: [   4.82386256  -14.58253398   -2.22709606   -4.5405612  -155.84796662
   -7.98470934  -22.7555018   -22.19467997   14.12400593  205.05638483
 -376.01772991   -8.35250153 -164.72208093  -18.39092133 -171.15419115
 -216.43127707]
Coefficients after iteration 2 are: [   7.48101176   26.30404455  -33.78861976  -28.45841725 -142.56588811
   51.35216991  -55.79090441   -5.00776041   29.52300696  348.68238901
 -641.98293416  -17.24231986 -156.95837607  -33.01112706 -201.79341843
 -346.17422779]
Coefficients after iteration 3 are: [   8.29697909   17.77442054  -51.59348187  -40.04144804 -146.35706453
   76.60778713  -61.08642247    1.74577031   41.00891213  411.19415432
 -824.0147759   -15.66302972 -176.75710101  -38.4647987  -238.43246652
 -443.78630511]
Coefficients after iteration 4 are: [-6.41924347e+05 -5.75431525e+05 -1.74358938e+07 -1.22217693e+07
 -5.94122235e+06  2.57016101e+07 -9.48413859e+06  5.17021667e+06
  1.20215537e+07  7.20781378e+07 -2.07292982e+08 -1.05001443e+04
 -2.48975775e+07 -5.62230187e+06 -4.15179585e+07 -1.08755074e+08]
Coefficients after iteration 5 are: [-6.40890107e+05 -5.75431525e+05 -1.74358938e+07 -1.22217693e+07
 -5.94122235e+06  2.57016101e+07 -9.48413859e+06  5.17021667e+06
  1.20215537e+07  7.20781378e+07 -2.07292982e+08 -1.05001443e+04
 -2.48975775e+07 -5.62230187e+06 -4.15179585e+07 -1.08755074e+08]
Coefficients after iteration 6 are: [-6.39855867e+05 -5.75431525e+05 -1.74358938e+07 -1.22217693e+07
 -5.94122235e+06  2.57016101e+07 -9.48413859e+06  5.17021667e+06
  1.20215537e+07  7.20781378e+07 -2.07292982e+08 -1.05001443e+04
 -2.48975775e+07 -5.62230187e+06 -4.15179585e+07 -1.08755074e+08]
Coefficients after iteration 7 are: [-6.38821627e+05 -5.75431525e+05 -1.74358938e+07 -1.22217693e+07
 -5.94122235e+06  2.57016101e+07 -9.48413859e+06  5.17021667e+06
  1.20215537e+07  7.20781378e+07 -2.07292982e+08 -1.05001443e+04
 -2.48975775e+07 -5.62230187e+06 -4.15179585e+07 -1.08755074e+08]
Coefficients after iteration 8 are: [-5.91712533e+05 -5.75431525e+05 -1.74358938e+07 -1.22217693e+07
 -5.94122235e+06  2.57016101e+07 -9.48413859e+06  5.17021667e+06
  1.20215537e+07  7.20781378e+07 -2.07292982e+08 -1.05001443e+04
 -2.48975775e+07 -5.62230187e+06 -4.15179585e+07 -1.08755074e+08]
Coefficients after iteration 9 are: [-5.90333883e+05 -5.75431525e+05 -1.74358938e+07 -1.22217693e+07
 -5.94122235e+06  2.57016101e+07 -9.48413859e+06  5.17021667e+06
  1.20215537e+07  7.20781378e+07 -2.07292982e+08 -1.05001443e+04
 -2.48975775e+07 -5.62230187e+06 -4.15179585e+07 -1.08755074e+08]
Coefficients after iteration 10 are: [-5.89299643e+05 -5.75431525e+05 -1.74358938e+07 -1.22217693e+07
 -5.94122235e+06  2.57016101e+07 -9.48413859e+06  5.17021667e+06
  1.20215537e+07  7.20781378e+07 -2.07292982e+08 -1.05001443e+04
 -2.48975775e+07 -5.62230187e+06 -4.15179585e+07 -1.08755074e+08]
