Central server contains 8200 number of recors
First node contains 1342 number of recors
Second node contains 1343 number of recors
Coefficients before iterations start are: [ 0.0216358   0.22843066  0.36183711  0.86910588  3.50070821  3.00057885
  1.82560385  0.53803323  0.45747878  0.27306922  1.1601112  -0.11292471
  0.62010708  0.32833225  0.27338948 -6.33305999]
Coefficients after iteration 1 are: [   3.88940427  -95.3626617    -8.69561366  -17.58964485   10.32058517
  -53.51311745  -75.30609471  -50.18343225   18.49432804  282.44308007
 -265.25147649  -31.2805619   -34.3107502   -35.24268259  -57.01414948
 -183.28241354]
Coefficients after iteration 2 are: [   2.89656853   41.93109826 -133.06112808  -93.90132804  237.76157718
   40.12851831   38.41059682   64.90129425   62.83187148  382.21759837
 -462.17672863  -16.4944749   175.44282608    1.17381573   35.57882834
 -423.05583177]
Coefficients after iteration 3 are: [   6.17476518  -42.65067962 -140.66357279  -92.64558922  206.34083634
  -15.03953314   50.49074471   26.33099344   73.81081542  432.33852392
 -542.79672649  -19.57214138  111.54343537    0.82256381  -15.5536247
 -544.47190247]
Coefficients after iteration 4 are: [   9.16759311  -83.60681462 -165.84507329  -98.44412193  139.50791908
  -13.16348733   26.56993041   15.29908987  104.80615864  553.66415365
 -746.07324275  -32.14458905   48.84421979  -17.17553727  -35.82152902
 -788.41819786]
Coefficients after iteration 5 are: [   9.29382165  -83.60625308 -165.84511553  -98.4441011   139.50896594
  -13.16320931   26.57014613   15.29938149  104.80632465  553.66455026
 -746.07374145  -32.14437538   48.84512504  -17.17490332  -35.82094787
 -788.41687184]
Coefficients after iteration 6 are: [   9.29382165  -83.60625308 -165.84511553  -98.4441011   139.50896594
  -13.16320931   26.57014613   15.29938149  104.80632465  553.66455026
 -746.07374145  -32.14437538   48.84512504  -17.17490332  -35.82094787
 -788.41687184]
