Central server contains 800 number of recors
First node contains 5042 number of recors
Second node contains 5043 number of recors
Coefficients before iterations start are: [ 0.0216358   0.22843066  0.36183711  0.86910588  3.50070821  3.00057885
  1.82560385  0.53803323  0.45747878  0.27306922  1.1601112  -0.11292471
  0.62010708  0.32833225  0.27338948 -6.33305999]
Coefficients after iteration 1 are: [   1.18391321    9.12229995   -1.57612583   -2.2826505   -52.63142099
    5.88544751  -10.86612667   -8.16053176    0.15167611   61.39019695
 -136.2530264    -2.71070559  -61.85275932   -0.86417038  -60.77796956
  -82.8859804 ]
Coefficients after iteration 2 are: [    7.94687433   103.88526901  -241.12746148   -91.81426187
   243.73753359   296.97563099   335.53540651    62.28365634
    77.97712516  -179.82009416 -1773.22520328    61.73555379
     9.86378143   143.31049277   150.46975157  -945.56382092]
Coefficients after iteration 3 are: [   14.20435233    59.50184573  -213.81379336   -26.92803126
   284.89156043   251.23162589    17.68675331   -13.95976063
    50.28969957   258.06505941 -2175.18224663  -100.76285911
  -170.78173442    83.13227724  -191.38782871 -1110.12801081]
Coefficients after iteration 4 are: [   14.18984308    88.12885994  -206.67201483   -32.3603012
   251.10351093   303.25995643    23.9515455     13.1105078
    51.76550942   302.13378259 -2289.3782138    -83.14993325
  -139.88927428    37.30868445  -144.91067613 -1132.13793961]
Coefficients after iteration 5 are: [   10.43557116   175.2493182    -29.79445975   -61.45353305
  -211.64339607   611.81690875   284.521552     451.49630663
    72.27142776   919.96275769 -5113.66338276   465.5525433
  -375.14456269    99.52247504    89.38602072 -1660.78858485]
Coefficients after iteration 6 are: [   10.43557116   175.2493182    -29.79445975   -61.45353305
  -211.64339607   611.81690875   284.521552     451.49630663
    72.27142776   919.96275769 -5113.66338276   465.5525433
  -375.14456269    99.52247504    89.38602072 -1660.78858485]
