Central server contains 7400 number of recors
First node contains 1742 number of recors
Second node contains 1743 number of recors
Coefficients before iterations start are: [ 0.0216358   0.22843066  0.36183711  0.86910588  3.50070821  3.00057885
  1.82560385  0.53803323  0.45747878  0.27306922  1.1601112  -0.11292471
  0.62010708  0.32833225  0.27338948 -6.33305999]
Coefficients after iteration 1 are: [   6.25072804  -95.59968529  -22.1904943   -32.88897147  -60.07155303
  -57.74257825 -114.23488263  -64.79093961   35.19244308  463.27326916
 -560.44601621  -39.28956067 -169.85595286  -30.16337856 -193.89524009
 -363.74292429]
Coefficients after iteration 2 are: [   10.05432122    22.15023565  -324.43664807  -178.43483658
   358.79921992   213.64213022   209.79072144   194.34281609
   146.25727924   371.92002911 -1276.79618869    26.58627919
   169.93308134    72.45638255    29.66210053 -1079.23498545]
Coefficients after iteration 3 are: [   10.50544066    14.67665702  -322.79562276  -174.55907272
   360.95743724   196.42018983   205.81111573   176.51016707
   147.19598244   389.01993483 -1295.17814874    23.84765103
   145.41491225    75.07062831    17.41985417 -1091.76918694]
Coefficients after iteration 4 are: [   10.77195022    10.31323131  -321.29878877  -171.14172878
   361.72131581   186.42995803   199.52818725   163.14967071
   147.97046286   404.40225385 -1311.94435578    22.38838162
   129.84271635    75.43223132     8.77730005 -1101.63984647]
Coefficients after iteration 5 are: [   10.79020684     8.19319455  -320.20086547  -168.72074751
   361.83451166   180.94941534   194.40790009   154.6123369
   148.91639185   415.25725322 -1324.23767028    21.10295851
   120.52565496    74.98795993     3.51562581 -1108.46252022]
Coefficients after iteration 6 are: [ 1.11982945e+01  1.21711665e+00 -3.11964095e+02 -1.50568171e+02
  3.60685295e+02  1.48147156e+02  1.51801731e+02  9.80957578e+01
  1.55926771e+02  4.93687569e+02 -1.41647782e+03  1.28997284e+01
  6.18224702e+01  6.93926230e+01 -3.27446320e+01 -1.15848877e+03]
Coefficients after iteration 7 are: [ 1.11982945e+01  1.21711665e+00 -3.11964095e+02 -1.50568171e+02
  3.60685295e+02  1.48147156e+02  1.51801731e+02  9.80957578e+01
  1.55926771e+02  4.93687569e+02 -1.41647782e+03  1.28997284e+01
  6.18224702e+01  6.93926230e+01 -3.27446320e+01 -1.15848877e+03]
