Central server contains 8000 number of recors
First node contains 1442 number of recors
Second node contains 1443 number of recors
Coefficients before iterations start are: [ 0.0216358   0.22843066  0.36183711  0.86910588  3.50070821  3.00057885
  1.82560385  0.53803323  0.45747878  0.27306922  1.1601112  -0.11292471
  0.62010708  0.32833225  0.27338948 -6.33305999]
Coefficients after iteration 1 are: [  1.07010499 -26.45064515  -6.61213451  -9.09126244  21.90088698
 -17.6421125  -25.1837937  -14.15373272   5.27882169  99.68094581
 -83.95515644 -12.11508665   1.23488454  -8.30874981  -9.0685916
 -70.17367021]
Coefficients after iteration 2 are: [   9.15803737  -95.9199439  -185.4686217   -64.84004937  278.15442816
   19.21183876   40.86380291  -41.3998847   102.5079785   145.39860174
 -310.40920952   40.96233331   68.35943459   59.43651684   13.03655577
 -773.64699318]
Coefficients after iteration 3 are: [   8.76538532  -11.03061995 -171.9101165   -59.74966144  261.72732402
   11.79861663   87.7650681    26.62056477  102.50531701  423.76887257
 -406.63789155  -57.1267411    92.02739719   65.32268465   32.87961973
 -820.83153743]
Coefficients after iteration 4 are: [   8.65207266  -13.70031206 -171.6344396   -60.26567693  266.76150385
   14.64504465   80.89772837   27.11231168  102.54760826  427.6878477
 -409.40770148  -55.25217818   99.5240523    62.84261117   34.41426397
 -824.86232534]
Coefficients after iteration 5 are: [   8.67363414  -13.70031283 -171.63442913  -60.26569268  266.76171558
   14.64516133   80.89767375   27.11238696  102.54763551  427.6880074
 -409.40780431  -55.25208099   99.52434992   62.84264638   34.41440679
 -824.86220048]
