Central server contains 6900 number of recors
First node contains 1992 number of recors
Second node contains 1993 number of recors
Coefficients before iterations start are: [ 0.0216358   0.22843066  0.36183711  0.86910588  3.50070821  3.00057885
  1.82560385  0.53803323  0.45747878  0.27306922  1.1601112  -0.11292471
  0.62010708  0.32833225  0.27338948 -6.33305999]
Coefficients after iteration 1 are: [   2.81277465  -22.21980334  -41.87416997  -49.25090949   83.64660022
  -24.5968238   -71.34385241   -5.27388332   63.65063149  261.37155736
 -287.43728984  -25.03905833   40.63782785  -33.87801256  -28.39288288
 -212.78954485]
Coefficients after iteration 2 are: [   9.82897678  -38.11451367 -105.69422745   21.61197289  278.86656653
   22.40707592   64.66911661  -66.17759019  149.21914831  299.74778729
 -836.74404842  -92.03034489  189.69929143   13.40551964   52.1235414
 -917.93420262]
Coefficients after iteration 3 are: [  10.1676178   -38.18390073 -105.73376849   19.2588262   279.44081033
   22.03584414   67.11167501  -63.59457929  149.2122975   302.33592939
 -838.32137192  -91.11614754  185.31606576   16.6667552    47.76268344
 -919.07479138]
Coefficients after iteration 4 are: [  10.08425295  -35.49406303 -106.42859637  -29.78624735  312.11496997
   48.46636033   74.02418243   15.2231108   153.15534715  382.51770575
 -892.25473923  -55.78553845  149.07394996   35.41966995    1.64262686
 -944.94933755]
Coefficients after iteration 5 are: [  10.11003403  -35.49403695 -106.42859764  -29.7863117   312.11495039
   48.46634535   74.0244916    15.22329685  153.15541432  382.51784393
 -892.25492131  -55.7854171   149.07382879   35.41986434    1.64261979
 -944.9491873 ]
