Central server contains 9700 number of recors
First node contains 592 number of recors
Second node contains 593 number of recors
Coefficients before iterations start are: [ 0.0216358   0.22843066  0.36183711  0.86910588  3.50070821  3.00057885
  1.82560385  0.53803323  0.45747878  0.27306922  1.1601112  -0.11292471
  0.62010708  0.32833225  0.27338948 -6.33305999]
Coefficients after iteration 1 are: [ 4.62316783e-01 -5.25045529e+00  7.75363477e-03  1.42312284e-01
 -7.38138027e+00  7.23056214e-01 -1.51529852e+00 -7.70107249e-01
  6.40324488e+00  1.66874618e+01 -3.17884649e+01 -1.35861004e+00
 -1.22890611e+01  2.88565226e+00 -1.94309562e+01 -2.47831204e+01]
Coefficients after iteration 2 are: [   1.69818157   54.4062353   -40.85585774  -35.16172272   71.91005774
   62.69684901  -55.83054254   17.22603206   54.44954207  136.84665445
 -264.38029844   -7.91037971   52.84499368  -62.94587096  -48.22096532
 -142.46537531]
Coefficients after iteration 3 are: [   7.85014953 -231.10892493  -48.49906467  -40.05420805 -108.44769479
 -143.74854071   72.07998964   -1.02285329  136.38565715  251.71266281
 -719.74103014  -14.75141537 -436.92389344  125.83885931 -365.71948947
 -515.44899223]
Coefficients after iteration 4 are: [ 8.82731241e+00 -2.11275651e+02 -5.21134212e+01 -4.26366158e+01
 -9.30673428e+01 -1.31150804e+02  4.37186949e+01  7.18897352e-01
  1.44849094e+02  2.79049334e+02 -7.61370866e+02 -1.77244142e+01
 -4.22764367e+02  1.04088674e+02 -3.70737551e+02 -5.39351608e+02]
Coefficients after iteration 5 are: [   9.02477245 -193.17334473  -56.11119836  -45.2050682   -79.67652086
 -119.01317654   21.4227867     2.17619116  153.11686391  304.2795013
 -801.48191764  -19.99396998 -409.127419     87.0475536  -375.58748299
 -560.75082158]
Coefficients after iteration 6 are: [    7.1842204     43.05150296  -116.96494156   -85.91490288
    98.47170105    52.23696861  -243.49932336    28.90494266
   270.39607208   644.42285918 -1367.37905458   -49.83810399
  -217.64703663  -108.22653657  -444.0776283   -850.03515489]
Coefficients after iteration 7 are: [   10.29261953    43.06252214  -116.965214     -85.9139903
    98.47933122    52.24538424  -243.49018752    28.91421973
   270.40545814   644.43844299 -1367.41159828   -49.83337979
  -217.63906728  -108.205146    -444.08250332  -850.00977599]
Coefficients after iteration 8 are: [   10.29261953    43.06252214  -116.965214     -85.9139903
    98.47933122    52.24538424  -243.49018752    28.91421973
   270.40545814   644.43844299 -1367.41159828   -49.83337979
  -217.63906728  -108.205146    -444.08250332  -850.00977599]
