Central server contains 9000 number of recors
First node contains 942 number of recors
Second node contains 943 number of recors
Coefficients before iterations start are: [ 0.0216358   0.22843066  0.36183711  0.86910588  3.50070821  3.00057885
  1.82560385  0.53803323  0.45747878  0.27306922  1.1601112  -0.11292471
  0.62010708  0.32833225  0.27338948 -6.33305999]
Coefficients after iteration 1 are: [  0.63589482 -13.0043829   -0.60280775  -1.25663924  -1.26540953
  -3.900541    -7.57990737  -4.8674353    3.69256947  38.11053608
 -42.25624448  -3.76518644  -6.57492399  -6.5392718  -11.58905844
 -32.83701288]
Coefficients after iteration 2 are: [ 3.74619724e-02  2.75626099e+01 -5.77090484e+01 -4.49458521e+01
  1.12903985e+02  1.76874045e+01  9.97504734e+00  3.02575466e+01
  2.87716477e+01  1.23082698e+02 -2.18544531e+02 -2.90822081e+00
  7.89238208e+01  3.83610047e+00  1.70753784e+01 -1.67478443e+02]
Coefficients after iteration 3 are: [   9.66246483 -263.92061157  -61.57826329  -26.47835852  -77.79712724
 -112.29520391    4.02534585  -80.30588518   68.65511148  411.19877232
 -661.08690174  -20.72245175  -98.92871191  -61.7358403  -191.43887731
 -619.12371255]
Coefficients after iteration 4 are: [   8.77799401 -169.47880826  -87.62667824  -50.01346546   57.57072417
  -62.98600378  -69.80354869  -53.81547426   82.94203539  515.27793495
 -762.10555645  -34.7341085    26.70490429  -72.31685376 -128.24034441
 -665.11121852]
Coefficients after iteration 5 are: [   9.16652748 -169.47593669  -87.62725283  -50.01408138   57.57493638
  -62.98484182  -69.80239438  -53.81380901   82.94282878  515.28075021
 -762.11002568  -34.73348248   26.70804537  -72.31497838 -128.23792989
 -665.10831644]
Coefficients after iteration 6 are: [   9.16652748 -169.47593669  -87.62725283  -50.01408138   57.57493638
  -62.98484182  -69.80239438  -53.81380901   82.94282878  515.28075021
 -762.11002568  -34.73348248   26.70804537  -72.31497838 -128.23792989
 -665.10831644]
