Central server contains 6600 number of recors
First node contains 2142 number of recors
Second node contains 2143 number of recors
Coefficients before iterations start are: [ 0.0216358   0.22843066  0.36183711  0.86910588  3.50070821  3.00057885
  1.82560385  0.53803323  0.45747878  0.27306922  1.1601112  -0.11292471
  0.62010708  0.32833225  0.27338948 -6.33305999]
Coefficients after iteration 1 are: [   2.62563593  -24.83543433  -34.74097385  -40.94074437   69.23600936
  -31.75307413  -59.16907908  -10.48724232   24.66873341  248.5016203
 -240.77916218  -27.37248518   28.45685798  -23.37096096  -23.96299251
 -194.11255465]
Coefficients after iteration 2 are: [   13.73045852   -54.26849402  -213.9278857    -27.22253447
   371.46084173   105.41674159   160.32332329    61.21947044
   186.94541254   271.84482775  -710.32841196   -57.14229185
   243.66213228    98.96425112    -7.23098873 -1284.8190696 ]
Coefficients after iteration 3 are: [   13.00426861   -46.98340303  -212.15200277   -31.08301718
   395.94097317    92.00328634   157.02865064    58.75557858
   183.71806461   309.8750713   -717.13538386   -57.43002104
   226.95457734    84.52186776     8.41937573 -1283.7759061 ]
Coefficients after iteration 4 are: [   13.13048474   -46.98263064  -212.15190486   -31.08300118
   395.941983      92.00323286   157.02920353    58.75578792
   183.71805056   309.8766474   -717.13566689   -57.4298347
   226.95481322    84.52225109     8.42030554 -1283.77420137]
Coefficients after iteration 5 are: [   13.13048474   -46.98263064  -212.15190486   -31.08300118
   395.941983      92.00323286   157.02920353    58.75578792
   183.71805056   309.8766474   -717.13566689   -57.4298347
   226.95481322    84.52225109     8.42030554 -1283.77420137]
