Central server contains 1700 number of recors
First node contains 4592 number of recors
Second node contains 4593 number of recors
Coefficients before iterations start are: [ 0.0216358   0.22843066  0.36183711  0.86910588  3.50070821  3.00057885
  1.82560385  0.53803323  0.45747878  0.27306922  1.1601112  -0.11292471
  0.62010708  0.32833225  0.27338948 -6.33305999]
Coefficients after iteration 1 are: [  0.22356121   0.45085436   0.28156383   0.69518227  -3.37446354
   2.63743502   1.04742273  -0.31768721   0.9728509    7.33537676
 -14.02069882  -0.37466524  -6.97543497   0.32910864  -7.38773445
 -14.83065764]
Coefficients after iteration 2 are: [  0.66396481  11.55346292  -7.67812649  -7.48507204   6.06101894
  23.94386919 -25.4518222    1.94370047   5.07398963  44.48090114
 -89.13053482  -2.38654968  -2.23237302 -10.84625471 -13.87320596
 -51.32348139]
Coefficients after iteration 3 are: [ 4.11597414e+00 -5.11889126e+01 -2.75293728e+01 -1.55258341e+01
 -7.77960537e+01 -9.68306715e+01  6.83943882e+01 -4.10885995e-01
  1.69228552e+01  8.34383830e+01 -4.60557224e+02  1.09754189e+00
 -2.85645632e+02  6.95756834e+01 -1.92830533e+02 -2.92586246e+02]
Coefficients after iteration 4 are: [ 9.97665715e+00  1.38574496e+02 -3.49408801e+01 -1.85059496e+01
 -4.77124420e+00  2.92941611e+01 -2.55161869e+02 -4.42233933e-01
  3.51752951e+01  3.40650264e+02 -8.65038896e+02 -2.89234153e+01
 -2.45386342e+02 -1.64019700e+02 -2.19800739e+02 -5.17852105e+02]
Coefficients after iteration 5 are: [    7.44776481    42.71779678   -74.64695007   -66.2255335
   -52.68769609   109.78236608  -176.75510731    17.3418951
    56.03709143   455.22287874 -1210.21446351   -33.78635754
  -258.7123061    -56.01997053  -311.58927147  -707.28120379]
Coefficients after iteration 6 are: [   11.46297131    44.22714809   -77.61733634   -68.33662656
   -55.12288881   115.20549692  -172.54366997    18.33988804
    57.81475609   464.17267067 -1240.6317771    -33.58479776
  -261.1720224    -54.30790319  -316.61815392  -721.93894484]
Coefficients after iteration 7 are: [   11.47097963    45.27470712   -79.67030102   -69.80615397
   -56.79332197   118.93858158  -169.69442533    19.05410279
    59.07842197   470.48088396 -1262.23753561   -33.43640053
  -263.04664324   -53.13699239  -320.20670093  -732.3669378 ]
Coefficients after iteration 8 are: [-2.35233395e+05  7.65206012e+06 -1.58064648e+07 -1.12332305e+07
 -1.26512950e+07  2.82976454e+07  2.09616806e+07  5.43276639e+06
  9.83950504e+06  4.87004770e+07 -1.67523997e+08  1.32614638e+06
 -1.51861513e+07  8.62147650e+06 -2.78911869e+07 -8.06228889e+07]
Coefficients after iteration 9 are: [-2.34201347e+05  7.65208256e+06 -1.58064648e+07 -1.12332305e+07
 -1.26512725e+07  2.82976678e+07  2.09616806e+07  5.43278883e+06
  9.83952748e+06  4.87004770e+07 -1.67523997e+08  1.32614638e+06
 -1.51861737e+07  8.62149893e+06 -2.78912093e+07 -8.06228665e+07]
Coefficients after iteration 10 are: [-2.33167908e+05  7.65208256e+06 -1.58064648e+07 -1.12332305e+07
 -1.26512490e+07  2.82976678e+07  2.09616806e+07  5.43278883e+06
  9.83952748e+06  4.87004770e+07 -1.67523997e+08  1.32614638e+06
 -1.51861502e+07  8.62149893e+06 -2.78912093e+07 -8.06228430e+07]
