Central server contains 4800 number of recors
First node contains 3042 number of recors
Second node contains 3043 number of recors
Coefficients before iterations start are: [ 0.0216358   0.22843066  0.36183711  0.86910588  3.50070821  3.00057885
  1.82560385  0.53803323  0.45747878  0.27306922  1.1601112  -0.11292471
  0.62010708  0.32833225  0.27338948 -6.33305999]
Coefficients after iteration 1 are: [ -0.321907   -59.75161142 -17.59073861 -18.11473839  93.50107604
 -51.1338891   19.95625349 -20.72662394   2.17737373 106.43638135
  76.5048074  -34.77176173  68.38000567  -4.55469128  20.56053571
 -63.6750173 ]
Coefficients after iteration 2 are: [-2.28822125e-01 -8.18674659e+01 -1.44336165e+02 -2.15904347e+01
  5.56269957e+02  5.62539447e+01  4.71237500e+02  1.06651093e+02
  1.45204886e+02  2.10587868e+02  1.85940966e+02  1.74370578e+02
  5.57035616e+02  1.24612231e+02  1.63466608e+02 -7.67618848e+02]
Coefficients after iteration 3 are: [-2.33352152e-01 -8.18690817e+01 -1.44330669e+02 -2.16040110e+01
  5.56447710e+02  5.61768860e+01  4.71189124e+02  1.06606479e+02
  1.45195252e+02  2.10662533e+02  1.86004245e+02  1.74080694e+02
  5.56965197e+02  1.24467973e+02  1.63469386e+02 -7.67702570e+02]
Coefficients after iteration 4 are: [-5.72643378e-01 -8.19711330e+01 -1.44008767e+02 -2.23991211e+01
  5.66860508e+02  5.16740775e+01  4.68373363e+02  1.03982388e+02
  1.44625486e+02  2.15043471e+02  1.89700544e+02  1.57107654e+02
  5.52854297e+02  1.16016645e+02  1.63647426e+02 -7.72588063e+02]
Coefficients after iteration 5 are: [-3.77533788e-01 -8.19706030e+01 -1.44008585e+02 -2.23994537e+01
  5.66865287e+02  5.16729474e+01  4.68373713e+02  1.03982214e+02
  1.44625626e+02  2.15045111e+02  1.89702586e+02  1.57101818e+02
  5.52853849e+02  1.16013843e+02  1.63649567e+02 -7.72586964e+02]
Coefficients after iteration 6 are: [-3.77533788e-01 -8.19706030e+01 -1.44008585e+02 -2.23994537e+01
  5.66865287e+02  5.16729474e+01  4.68373713e+02  1.03982214e+02
  1.44625626e+02  2.15045111e+02  1.89702586e+02  1.57101818e+02
  5.52853849e+02  1.16013843e+02  1.63649567e+02 -7.72586964e+02]
