Central server contains 1100 number of records
First node contains 4892 number of records
Second node contains 4893 number of records
Coefficients before iterations start are: [  0.02896844  -0.13792648   0.17429973   0.89901847   4.09515651
   2.32978979   2.24538907   0.4803203    0.91111157 -13.42652025
   0.7144497   -0.15045986   1.41485007   0.87350263   1.05858335
  -7.55351436]
Coefficients after iteration 1 are: [-1.08182155e+00 -9.03560299e+01 -1.46374289e+03 -3.29251528e+01
  9.74004873e+01  2.69979380e+02 -2.65700000e+01 -3.86114623e+01
 -7.34028811e+02 -2.39322183e+05  1.12235719e+01 -1.11317817e+02
 -9.32023838e+01 -1.64462600e+02 -1.82557968e+01  7.24714380e+01]
Coefficients after iteration 2 are: [ 3.57127912e-02 -3.59794244e-01 -1.44449731e+03  5.20263907e+01
  5.43650646e+01  5.35730634e+01  5.26954349e+01  8.03720424e-02
 -6.32146709e+02 -2.39325357e+05  3.64064254e-01 -3.83676555e-01
  1.02852587e+00  4.23174184e-01  3.69627435e-01 -5.76623762e+01]
Coefficients after iteration 3 are: [ 7.55322992e-02 -1.86880328e+00 -1.33129637e+03 -6.88353914e+01
  6.38937381e+00 -1.66008519e+01 -1.03721505e+01 -4.42557714e+00
 -3.33015841e+01 -2.39343975e+05 -1.44442004e+01  2.19500694e-01
  4.77145003e+00 -3.92586878e+00 -3.24910442e+00 -6.54316740e+00]
Coefficients after iteration 4 are: [ 4.76760481e-02 -8.23518249e+00 -1.57618697e+02 -3.39323227e+01
  5.10592236e+00  1.82153256e+00  1.27768374e+00  8.85955254e+00
  1.86206797e+00 -2.39537638e+05  1.08044500e+01  3.06702260e+00
 -9.19605799e-01  5.34099590e+00  5.05158600e+00 -1.52812804e+01]
Coefficients after iteration 5 are: [ 5.98409957e-02 -4.73703447e-01 -4.97793888e+01 -3.98857971e+00
  4.93721007e+00 -1.31013921e-01  2.01672510e+00  1.44876367e+00
  1.18715465e+00 -2.39555440e+05  1.65552391e+00 -3.01946008e-01
  3.49623918e+00  2.29563698e+00  2.66957343e+00 -1.15269468e+01]
Coefficients after iteration 6 are: [ 2.67579229e-02 -3.30428024e-01 -5.45168928e-01  3.21638219e-01
  3.67492687e+00  2.14558807e+00  1.59559106e+00  6.67247801e-01
  1.37391413e+00 -2.39563603e+05  1.22063247e+00 -6.53604315e-02
  1.40527697e+00  9.67367702e-01  9.48363738e-01 -7.09414551e+00]
Coefficients after iteration 7 are: [ 2.78209529e-02 -3.14663349e-01 -5.28962963e-01  4.85388279e-01
  4.04741349e+00  2.38059401e+00  1.99575711e+00  4.96154616e-01
  7.96679336e-01 -2.39563701e+05  8.99709806e-01 -2.03452039e-01
  1.49695194e+00  8.96132016e-01  9.64762953e-01 -7.36767940e+00]
Coefficients after iteration 8 are: [ 2.79651167e-02 -3.14657073e-01 -5.28961630e-01  4.85390960e-01
  4.04741749e+00  2.38059522e+00  1.99575781e+00  4.96153532e-01
  7.96680432e-01 -2.39563701e+05  8.99710981e-01 -2.03449311e-01
  1.49695180e+00  8.96134867e-01  9.64760655e-01 -7.36767907e+00]
