Central server contains 3600 number of recors
First node contains 3642 number of recors
Second node contains 3643 number of recors
Coefficients before iterations start are: [ 0.0216358   0.22843066  0.36183711  0.86910588  3.50070821  3.00057885
  1.82560385  0.53803323  0.45747878  0.27306922  1.1601112  -0.11292471
  0.62010708  0.32833225  0.27338948 -6.33305999]
Coefficients after iteration 1 are: [   1.04575319    4.71870254   -0.35296985   -0.46080908  -42.13954212
    1.56720681   -3.58086786   -2.87763072    7.90134692   44.62495176
 -107.39459065   -1.34477933  -43.42834983   -1.76113502  -49.42454281
  -62.95399036]
Coefficients after iteration 2 are: [  -2.04956085  109.78670227 -147.82744023 -111.35806328  281.65125964
  320.43236663 -165.13748177  111.48618769   90.82829257  372.67622563
 -931.28286544  -21.57058559  250.68853843  -88.17136689   30.40932038
 -371.225468  ]
Coefficients after iteration 3 are: [   11.0595153     61.86660253  -141.74895982   -86.73659205
    84.85778868  -107.34714196    24.20053829    60.52494042
   122.99376415   442.21631641 -1401.55296456   -50.31574072
  -508.49250121    12.37525057  -384.66416487  -807.20315666]
Coefficients after iteration 4 are: [   11.14917627    65.20532401  -142.59634894   -87.29708645
    84.97701791   -92.8906397     13.03255293    60.8709656
   126.06731228   453.21940614 -1435.07657701   -48.41485204
  -494.68896299     6.96452536  -382.19139592  -819.7268569 ]
Coefficients after iteration 5 are: [    8.90459946   147.07398342  -169.90104386  -105.90545528
    74.42184514   338.60402738  -284.18554438    70.57273399
   219.83219417   764.51530543 -2441.3931418      4.73808616
   -91.38406385  -138.06895769  -314.59962597 -1196.92437261]
Coefficients after iteration 6 are: [    8.90459946   147.07398342  -169.90104386  -105.90545528
    74.42184514   338.60402738  -284.18554438    70.57273399
   219.83219417   764.51530543 -2441.3931418      4.73808616
   -91.38406385  -138.06895769  -314.59962597 -1196.92437261]
