Central server contains 5300 number of recors
First node contains 2792 number of recors
Second node contains 2793 number of recors
Coefficients before iterations start are: [ 0.0216358   0.22843066  0.36183711  0.86910588  3.50070821  3.00057885
  1.82560385  0.53803323  0.45747878  0.27306922  1.1601112  -0.11292471
  0.62010708  0.32833225  0.27338948 -6.33305999]
Coefficients after iteration 1 are: [-1.00591714e-01 -2.55934653e+01 -6.47955097e+01 -4.10167851e+01
  2.11587012e+02 -2.26988820e+01  1.05798475e+02  6.68048973e+01
  7.20532357e+01  1.21627792e+02  1.74347072e+02 -2.08169046e-01
  2.14642799e+02 -5.81764246e+01  7.78134513e+01 -2.79126606e+02]
Coefficients after iteration 2 are: [ 3.35120324e-02 -5.01196108e+00  8.21335411e+00  3.18812762e+01
  6.98295903e+02  1.68455046e+00  6.93439495e+02 -6.85132709e+00
 -2.51161684e+01  1.70173382e+01  1.49748355e+01 -4.92060851e+01
  6.87818952e+02  3.22680344e+01  2.94626111e+01 -7.27820953e+02]
Coefficients after iteration 3 are: [ 3.66438787e-02 -5.30984536e+00  8.09579255e+00  3.11840053e+01
  6.98864417e+02  2.29115331e+00  6.92997528e+02 -6.44667917e+00
 -2.48596231e+01  1.68566114e+01  1.52615167e+01 -4.89226656e+01
  6.88326314e+02  3.06023428e+01  3.04452088e+01 -7.27861261e+02]
Coefficients after iteration 4 are: [ 3.34921168e-02 -5.32893644e+00  8.08344308e+00  3.11401267e+01
  6.98893592e+02  2.32906579e+00  6.92983633e+02 -6.42143869e+00
 -2.48432795e+01  1.68464277e+01  1.52795337e+01 -4.89047733e+01
  6.88353196e+02  3.05203075e+01  3.04862777e+01 -7.27861658e+02]
Coefficients after iteration 5 are: [ 3.60334439e-02 -5.36929630e+00  8.05703957e+00  3.10474201e+01
  6.98955024e+02  2.40914226e+00  6.92954980e+02 -6.36814722e+00
 -2.48087158e+01  1.68249164e+01  1.53176129e+01 -4.88669603e+01
  6.88409696e+02  3.03486571e+01  3.05715245e+01 -7.27862327e+02]
Coefficients after iteration 6 are: [ 3.35375649e-02 -5.38352763e+00  8.04764159e+00  3.10148671e+01
  6.98976459e+02  2.43722483e+00  6.92945205e+02 -6.34948542e+00
 -2.47965492e+01  1.68173715e+01  1.53309927e+01 -4.88536739e+01
  6.88429403e+02  3.02896660e+01  3.06001509e+01 -7.27862566e+02]
Coefficients after iteration 7 are: [ 3.00710382e-02 -5.38385426e+00  8.04742151e+00  3.10141370e+01
  6.98976925e+02  2.43785252e+00  6.92944957e+02 -6.34906917e+00
 -2.47962772e+01  1.68172024e+01  1.53312924e+01 -4.88533762e+01
  6.88429833e+02  3.02883295e+01  3.06007524e+01 -7.27862626e+02]
