Central server contains 8500 number of recors
First node contains 1192 number of recors
Second node contains 1193 number of recors
Coefficients before iterations start are: [ 0.0216358   0.22843066  0.36183711  0.86910588  3.50070821  3.00057885
  1.82560385  0.53803323  0.45747878  0.27306922  1.1601112  -0.11292471
  0.62010708  0.32833225  0.27338948 -6.33305999]
Coefficients after iteration 1 are: [  0.58223272 -10.7359784   -0.31581294  -0.58306677  -5.00565988
  -1.90133942  -4.69807159  -3.95906562   2.25083077  34.30775455
 -38.73365703  -2.54113991 -11.04208543  -2.84922799 -13.84835309
 -30.03887531]
Coefficients after iteration 2 are: [   2.84489116  -19.30279434  -60.57695859  -39.22355325   59.23731714
   -4.4743028    14.7260634    23.26928119   26.60416329  159.40009505
 -307.3344651    -1.73617464  -19.06947338    1.78683589  -37.96551425
 -237.78571463]
Coefficients after iteration 3 are: [   4.77683005    1.68865116  -64.8491463   -29.23912952   95.18418592
  115.59160862 -171.39513822  -20.53650006   74.05049313  403.18076872
 -713.91403067  -15.16921403  162.68150545  -72.16808089    8.99742703
 -453.22066423]
Coefficients after iteration 4 are: [ 5.30790321e+00 -2.21152861e+00 -6.59510408e+01 -3.05665803e+01
  9.76271285e+01  1.03343129e+02 -1.65905640e+02 -2.01660572e+01
  7.43088151e+01  4.08873414e+02 -7.24996598e+02 -1.63559422e+01
  1.43336730e+02 -6.77304087e+01 -4.73345573e-01 -4.63959340e+02]
Coefficients after iteration 5 are: [   5.54666592   -4.49340154  -66.65458519  -31.44784379   98.79824351
   96.70761958 -162.73899709  -19.99003887   74.52652384  412.10285115
 -731.88236209  -16.9349683   132.63313834  -65.16276727   -5.85122359
 -470.17647639]
Coefficients after iteration 6 are: [   8.59330078  -56.16798287  -83.29997242  -52.64235905  120.25128404
  -44.90758427  -91.46023643  -13.9458175    77.84685662  484.70342436
 -891.36953823  -27.72835843  -98.67703299   -8.29607786 -120.77924637
 -609.23551329]
Coefficients after iteration 7 are: [   8.59330078  -56.16798287  -83.29997242  -52.64235905  120.25128404
  -44.90758427  -91.46023643  -13.9458175    77.84685662  484.70342436
 -891.36953823  -27.72835843  -98.67703299   -8.29607786 -120.77924637
 -609.23551329]
