Central server contains 700 number of records
First node contains 5092 number of records
Second node contains 5093 number of records
Coefficients before iterations start are: [ 0.03020281  0.57153243 -7.8415665   3.2830855   3.93622904  3.49578765
  2.66172285  0.46937191 -0.41617799  1.4950065   1.5073796  -0.11632114
  0.64875262 -0.26299556 -0.17028742 -7.48115645]
Coefficients after iteration 1 are: [ 2.53472753e-02  1.12839040e-01 -3.09383173e+02  6.85544374e+01
  7.06760144e+01  7.07514123e+01  6.91087532e+01 -8.27196786e-01
 -2.09054968e+01 -1.01321932e+00  1.45263175e+00 -3.30168646e-01
  4.01628076e-01  7.94607375e-01  1.43416002e-01 -7.33551460e+01]
Coefficients after iteration 2 are: [ 1.77438564e+00  4.80910673e+01 -4.06489771e+04  4.38027742e+03
  4.38093960e+03  4.14757592e+03  4.36929509e+03  2.51538255e+02
  2.60603004e+02  2.85550440e+02  2.18856166e+02  1.83764849e+02
  2.27259178e+02  1.02769726e+01  4.02380704e+01 -4.77728806e+03]
Coefficients after iteration 3 are: [ 1.12179357e-01  1.83254686e-01 -4.06775691e+04  4.39722774e+03
  4.39858002e+03  4.40193598e+03  4.39534096e+03  2.75482990e+00
 -5.94882820e-01  1.46796968e+00  4.51988137e+00 -8.09028654e+00
 -1.36476426e+00  1.53664924e+00  2.81788666e+00 -4.40935814e+03]
Coefficients after iteration 4 are: [-1.35176361e-01 -2.19018325e+01 -4.91667432e+04  1.26224801e+03
  1.27697208e+03  1.20377878e+03  1.20611655e+03  9.84161703e+01
  1.85057139e+02  1.37525600e+02  9.01728200e+01  1.17799927e+02
  6.53826491e+01 -4.67994833e+01 -2.46808065e+01 -1.34229062e+03]
Coefficients after iteration 5 are: [ 7.26176135e-01 -5.57557212e+00 -4.91686673e+04  1.21923554e+03
  1.26557650e+03  1.20619482e+03  1.22733766e+03  7.17109939e+01
  1.14195882e+02  1.01654894e+02  1.03873019e+02  7.80054546e+01
  5.60049754e+01 -3.43243948e+01 -2.99064808e+01 -1.36949810e+03]
Coefficients after iteration 6 are: [ 3.63704735e-01  4.53411535e+00 -4.91779568e+04  1.23958157e+03
  1.25143041e+03  1.24627150e+03  1.25095536e+03 -2.74473930e+00
 -2.45866675e+01  3.88784497e+00  4.41498741e+00 -6.62944514e+00
  9.10793989e+00  1.30725712e+00  2.41991256e+00 -1.28240011e+03]
Coefficients after iteration 7 are: [ 3.02352259e-02  3.87208767e-01 -4.91857881e+04  1.25029123e+03
  1.25121058e+03  1.25081429e+03  1.24945813e+03  3.64067883e-01
 -4.62411244e-01  1.40014533e+00  1.67278332e+00 -4.22512282e-04
  7.03426163e-01 -3.77884681e-01 -4.05574523e-01 -1.25435587e+03]
Coefficients after iteration 8 are: [ 3.02239218e-02  3.87203586e-01 -4.91857881e+04  1.25029122e+03
  1.25121059e+03  1.25081428e+03  1.24945813e+03  3.64069422e-01
 -4.62412717e-01  1.40013919e+00  1.67278593e+00 -4.27750945e-04
  7.03424984e-01 -3.77882855e-01 -4.05570815e-01 -1.25435587e+03]
