Central server contains 8900 number of recors
First node contains 992 number of recors
Second node contains 993 number of recors
Coefficients before iterations start are: [ 0.0216358   0.22843066  0.36183711  0.86910588  3.50070821  3.00057885
  1.82560385  0.53803323  0.45747878  0.27306922  1.1601112  -0.11292471
  0.62010708  0.32833225  0.27338948 -6.33305999]
Coefficients after iteration 1 are: [  0.4223445   -5.82558335  -0.2028014   -0.11313769  -6.87402133
   0.42631962  -2.27523198  -1.77237941   4.59648021  21.77458093
 -34.60744409  -1.3427039  -11.40614896  -0.77432123 -16.18125869
 -26.36134037]
Coefficients after iteration 2 are: [   0.38993122    8.26499795  -61.9656701   -42.87271716  124.29212516
   24.05893647   22.99287041   42.89447594   37.50409138   36.85168387
 -279.75460509   10.86687181   31.67330985    2.97994787   32.25535574
 -169.62652226]
Coefficients after iteration 3 are: [   7.74707307    9.77501382  -29.74453538   33.45881036 -229.79453441
   90.12206846 -216.40256963 -172.49010936  105.88002848  434.50373436
 -870.80137579  -20.41675018  -40.05986468   43.05314899 -333.35151911
 -543.63971696]
Coefficients after iteration 4 are: [   7.83909847    9.2898514   -30.68906385   31.49490291 -225.84574165
   89.96471025 -214.46230947 -170.47916156  106.18917924  435.26580937
 -874.15236474  -20.61913472  -40.1372059    40.68634285 -331.89733077
 -545.52133605]
Coefficients after iteration 5 are: [   7.89326059    8.93358208  -31.36894901   30.09688886 -222.98977986
   89.84452565 -213.06633585 -169.02244524  106.41955736  435.80335992
 -876.58108729  -20.75931612  -40.17609311   39.02202745 -330.85211591
 -546.8808785 ]
Coefficients after iteration 6 are: [   7.96144411    8.43676762  -32.32560491   28.15362582 -218.96581175
   89.66981802 -211.10347643 -166.96943044  106.74499124  436.54909812
 -880.01137935  -20.94008654  -40.22052896   36.72855013 -329.38032788
 -548.79747401]
Coefficients after iteration 7 are: [   7.9722161     7.96396209  -33.26745712   26.27130505 -215.00587037
   89.49319043 -209.17692207 -164.94512603  107.06564993  437.24811366
 -883.40929773  -21.07679838  -40.25611711   34.54996832 -327.93612741
 -550.69369576]
Coefficients after iteration 8 are: [    8.40456206   -59.30783437  -172.58532891  -250.33788371
   368.76353764    63.30994939    74.27119781   134.82894016
   150.64185168   536.96067482 -1388.75262845   -36.53198592
   -44.59436016  -275.85675061  -115.87578176  -831.23884812]
Coefficients after iteration 9 are: [    8.40456206   -59.30783437  -172.58532891  -250.33788371
   368.76353764    63.30994939    74.27119781   134.82894016
   150.64185168   536.96067482 -1388.75262845   -36.53198592
   -44.59436016  -275.85675061  -115.87578176  -831.23884812]
