Central server contains 1900 number of recors
First node contains 4492 number of recors
Second node contains 4493 number of recors
Coefficients before iterations start are: [ 0.0216358   0.22843066  0.36183711  0.86910588  3.50070821  3.00057885
  1.82560385  0.53803323  0.45747878  0.27306922  1.1601112  -0.11292471
  0.62010708  0.32833225  0.27338948 -6.33305999]
Coefficients after iteration 1 are: [ 5.94348710e-01  2.65980919e+00  3.45856874e-01  8.98220310e-01
 -2.49337010e+01  4.02654828e+00  2.14622208e+00 -1.13518740e-02
  2.74322307e+00  1.88726357e+01 -4.99007523e+01  2.18496907e-01
 -2.85413248e+01  2.84331209e+00 -3.02279102e+01 -3.35131050e+01]
Coefficients after iteration 2 are: [   5.10612995   30.00086908  -18.02521372  -14.37743807 -122.15206487
   69.19064173  -49.44409899   12.28003029   22.63835359  155.40236462
 -410.43271747   -2.35080884 -139.53629568  -19.86463445 -181.74693406
 -207.64728425]
Coefficients after iteration 3 are: [ 9.00065080e+00  3.58072618e+01 -4.49662680e+01 -3.68461348e+01
 -2.55492043e+02  1.35814235e+02 -1.72733896e+01  2.06514721e+01
  4.93236870e+01  2.95484663e+02 -8.59459601e+02  7.40443075e-01
 -2.94670102e+02  1.45093089e+01 -3.71931719e+02 -4.31888623e+02]
Coefficients after iteration 4 are: [    9.37796569    48.84039523   -52.07360148   -41.66064234
  -311.04953736   167.30781047   -30.18253322    24.47862258
    60.20611126   359.902097   -1051.94610133     2.33962781
  -358.01089817    12.00119426  -452.83525355  -523.41335328]
Coefficients after iteration 5 are: [    9.6568933     55.39367776   -56.78517152   -44.69640721
  -344.22728037   186.07660463   -35.77838298    27.04393079
    66.48361311   398.44169315 -1166.86390768     3.04647234
  -395.85891909    11.65451434  -501.13581176  -578.11230817]
Coefficients after iteration 6 are: [-1.86886121e+06  8.03222439e+06 -6.07718074e+06 -3.96520406e+06
 -4.24861271e+07  2.40584022e+07 -6.68278780e+06  3.22841490e+06
  8.08904657e+06  4.93888936e+07 -1.47277005e+08  6.68669160e+05
 -4.84856529e+07 -3.01320629e+05 -6.19353654e+07 -7.01319880e+07]
Coefficients after iteration 7 are: [-1.82974161e+06  8.03222439e+06 -6.07718074e+06 -3.96520406e+06
 -4.24874394e+07  2.40584022e+07 -6.68278780e+06  3.22841490e+06
  8.08904657e+06  4.93906158e+07 -1.47277005e+08  6.68669160e+05
 -4.84856529e+07 -3.01320629e+05 -6.19353654e+07 -7.01326441e+07]
Coefficients after iteration 8 are: [-1.47726489e+06  8.03222439e+06 -6.07718074e+06 -3.96520406e+06
 -4.24874394e+07  2.40584022e+07 -6.68278780e+06  3.22841490e+06
  8.08904657e+06  4.93906158e+07 -1.47277005e+08  6.68669160e+05
 -4.84856529e+07 -2.81738589e+05 -6.19353654e+07 -7.01326441e+07]
Coefficients after iteration 9 are: [-1.47623266e+06  8.03222439e+06 -6.07718074e+06 -3.96520406e+06
 -4.24874394e+07  2.40584022e+07 -6.68278780e+06  3.22841490e+06
  8.08904657e+06  4.93906158e+07 -1.47277005e+08  6.68669160e+05
 -4.84856529e+07 -2.81738589e+05 -6.19353654e+07 -7.01327086e+07]
Coefficients after iteration 10 are: [-1.46470975e+06  8.03222439e+06 -6.07718074e+06 -3.96520406e+06
 -4.24874394e+07  2.40584022e+07 -6.68278780e+06  3.22841490e+06
  8.08904657e+06  4.93906158e+07 -1.47277005e+08  6.68669160e+05
 -4.84856529e+07 -2.81738589e+05 -6.19353654e+07 -7.01326278e+07]
