Central server contains 8100 number of recors
First node contains 1392 number of recors
Second node contains 1393 number of recors
Coefficients before iterations start are: [ 0.0216358   0.22843066  0.36183711  0.86910588  3.50070821  3.00057885
  1.82560385  0.53803323  0.45747878  0.27306922  1.1601112  -0.11292471
  0.62010708  0.32833225  0.27338948 -6.33305999]
Coefficients after iteration 1 are: [  0.90645294 -29.19795932  -2.16303621  -4.54774643  16.39437605
 -13.97048648 -21.73396819 -13.85573567   4.81551278  77.86764022
 -58.188176    -9.7675828    2.24440621 -11.65640608  -3.84651361
 -48.06049921]
Coefficients after iteration 2 are: [   2.14374547  118.48733065 -217.50161262 -141.47499184  226.97314489
   87.94415245  260.45752831  143.0183834    86.79153236  405.88975062
 -317.72520126   15.70848753  255.83986225   40.95990971   53.80715295
 -586.05297426]
Coefficients after iteration 3 are: [   4.169393     -5.030395   -216.01482304 -138.28710324  293.2950656
   46.58427809  176.97356803   53.11082586   89.40948853  457.36026901
 -342.47589588    9.27494786  226.50590398   28.12117555   27.18604247
 -654.41741784]
Coefficients after iteration 4 are: [   4.39030407   -5.03008585 -216.01480794 -138.28699126  293.29648843
   46.58451087  176.97413308   53.11119654   89.40976719  457.36134125
 -342.47645773    9.27521088  226.50665226   28.12200582   27.18728388
 -654.41526592]
Coefficients after iteration 5 are: [   4.39030407   -5.03008585 -216.01480794 -138.28699126  293.29648843
   46.58451087  176.97413308   53.11119654   89.40976719  457.36134125
 -342.47645773    9.27521088  226.50665226   28.12200582   27.18728388
 -654.41526592]
