Central server contains 400 number of records
First node contains 5242 number of records
Second node contains 5243 number of records
Coefficients before iterations start are: [ -0.01259719  -0.02855669   2.36550688   1.38558921   4.35942354
   3.76592322   2.37647206   0.66082407 -12.22268149  -1.03898939
   0.69972755   0.22134362   0.39795612   0.16173187  -0.15012441
  -4.55812968]
Coefficients after iteration 1 are: [-1.46845282e-01 -1.14343091e+01  1.27123436e+02  1.43133478e+02
  1.61839938e+02  1.60680459e+02  1.47539719e+02 -2.30358611e+01
 -1.37687901e+03 -6.33952371e+01  1.98213997e+00 -1.72945880e+00
  3.63938343e+00 -8.00752844e+00 -2.36019588e+01 -1.37782813e+02]
Coefficients after iteration 2 are: [-4.33681922e-02 -7.91350621e-01 -7.71693295e+00  1.01760525e-01
  1.12863058e+01  1.44392026e+01  8.77487200e+00 -8.04002449e+00
 -2.12669211e+03 -2.09632587e-01  5.70523653e-01 -1.70295939e+01
  3.29647321e+00  5.34479778e+00  3.67407956e+00 -1.14195517e+01]
Coefficients after iteration 3 are: [-5.43178562e+00  2.81087945e+02 -1.28750657e+03 -2.40437948e+03
  9.10249922e+02  1.38762672e+03  2.92650692e+02 -3.28903495e+02
 -4.90023506e+04 -2.00128206e+02  9.83651027e+01 -5.84864036e+02
 -3.02410117e+02  1.42035106e+02 -1.72000293e+01 -6.46903134e+02]
Coefficients after iteration 4 are: [-4.43238345e+00  2.81079122e+02 -1.28750293e+03 -2.40437720e+03
  9.10256088e+02  1.38761818e+03  2.92664399e+02 -3.28890932e+02
 -4.90023517e+04 -2.00128131e+02  9.83662604e+01 -5.84851131e+02
 -3.02400867e+02  1.42040406e+02 -1.71957270e+01 -6.46884664e+02]
Coefficients after iteration 5 are: [-4.43238345e+00  2.81079122e+02 -1.28750293e+03 -2.40437720e+03
  9.10256088e+02  1.38761818e+03  2.92664399e+02 -3.28890932e+02
 -4.90023517e+04 -2.00128131e+02  9.83662604e+01 -5.84851131e+02
 -3.02400867e+02  1.42040406e+02 -1.71957270e+01 -6.46884664e+02]
