Central server contains 7500 number of recors
First node contains 1692 number of recors
Second node contains 1693 number of recors
Coefficients before iterations start are: [ 0.0216358   0.22843066  0.36183711  0.86910588  3.50070821  3.00057885
  1.82560385  0.53803323  0.45747878  0.27306922  1.1601112  -0.11292471
  0.62010708  0.32833225  0.27338948 -6.33305999]
Coefficients after iteration 1 are: [  0.78727487  -6.55941019  -0.96021874  -1.30739991 -19.49199285
  -2.09826247  -7.33411426  -5.98929352   4.52721107  46.80164952
 -73.26321748  -2.78960835 -34.1935191    1.21204612 -36.62228932
 -50.59968862]
Coefficients after iteration 2 are: [    5.46646209  -285.36950164  -254.42382383  -149.92089118
   414.98894966   170.9024601    216.3613253    187.80879636
    89.59598995   -53.92859374 -1122.99470705    72.68818006
    34.06080174   222.79746711    63.36029147  -811.08110917]
Coefficients after iteration 3 are: [   11.66697512    57.77706417  -240.44314107  -114.68002814
   300.07916323   253.9976938     -5.33129042   -49.11370318
   110.86873867   274.79845241 -1341.64854225    -4.22362078
    51.42864162   -11.91962468   -37.77612511 -1003.29430023]
Coefficients after iteration 4 are: [   11.75464327    56.71779881  -240.09264259  -114.03923906
   296.82231077   250.36519414    -1.96340919   -47.97769526
   110.99612864   277.66170134 -1347.13256378    -4.72993767
    44.54751136    -9.2781158    -41.99282862 -1006.12317949]
Coefficients after iteration 5 are: [   12.90487028    17.36993934  -215.3352512    -76.61626992
   188.22255415   158.35186135    61.50068342    53.83759078
   130.10766668   504.49780945 -1772.7533403    -37.09522715
  -193.68903693    99.78271443  -209.96215007 -1174.12034626]
Coefficients after iteration 6 are: [   12.90487028    17.36993934  -215.3352512    -76.61626992
   188.22255415   158.35186135    61.50068342    53.83759078
   130.10766668   504.49780945 -1772.7533403    -37.09522715
  -193.68903693    99.78271443  -209.96215007 -1174.12034626]
