Central server contains 3800 number of recors
First node contains 3542 number of recors
Second node contains 3543 number of recors
Coefficients before iterations start are: [ 0.0216358   0.22843066  0.36183711  0.86910588  3.50070821  3.00057885
  1.82560385  0.53803323  0.45747878  0.27306922  1.1601112  -0.11292471
  0.62010708  0.32833225  0.27338948 -6.33305999]
Coefficients after iteration 1 are: [  0.80978012  -8.61953406  -0.7587822   -1.59657254  -8.01582087
  -4.37176626  -8.42345394  -6.99466132   6.75593105  43.95096697
 -61.24965854  -4.12277778 -11.41514474  -7.72801694 -16.41387394
 -41.93105319]
Coefficients after iteration 2 are: [    1.47785124   137.1792967   -345.75456199  -233.61446348
   557.18331372    96.38091101   248.92542025   289.23850646
   166.01788752    51.18454495 -1240.82239287    58.39553726
   243.1590552    131.49921023   217.94914643  -871.15934457]
Coefficients after iteration 3 are: [   12.62656943  -105.00245709  -332.838803    -205.31061437
   238.77138368   119.46607392   179.15413921   -51.9063316
   202.63524869   341.72954707 -1473.35369667    44.0987921
   192.98221755    90.10821139   -90.20136433 -1179.06324781]
Coefficients after iteration 4 are: [   12.68965401  -105.00149692  -332.83873646  -205.31049457
   238.77219702   119.46588166   179.1539159    -51.90600605
   202.63534935   341.730597   -1473.35489604    44.09857503
   192.98228022    90.10795038   -90.20073325 -1179.06276007]
Coefficients after iteration 5 are: [   12.68965401  -105.00149692  -332.83873646  -205.31049457
   238.77219702   119.46588166   179.1539159    -51.90600605
   202.63534935   341.730597   -1473.35489604    44.09857503
   192.98228022    90.10795038   -90.20073325 -1179.06276007]
