Central server contains 4900 number of recors
First node contains 2992 number of recors
Second node contains 2993 number of recors
Coefficients before iterations start are: [ 0.0216358   0.22843066  0.36183711  0.86910588  3.50070821  3.00057885
  1.82560385  0.53803323  0.45747878  0.27306922  1.1601112  -0.11292471
  0.62010708  0.32833225  0.27338948 -6.33305999]
Coefficients after iteration 1 are: [ -1.17640808 -99.68853453 -24.36890292 -22.96344273 154.43558294
 -68.88900917  37.47674811 -31.70281999  19.1637931  110.2245235
 196.04557645 -53.0510432  126.51895735   4.57959063  28.56711278
 -72.40265453]
Coefficients after iteration 2 are: [ 5.50131912e-01 -4.86238360e+00 -9.82379599e+01 -8.88613280e+00
  4.82591108e+02  3.71019744e+01  1.74694457e+02  9.78721248e+01
  1.38395500e+02  1.61479638e+02  2.65032903e+02  4.49724968e+01
  3.97045790e+02  5.74043961e+01  7.39038483e+01 -5.72238730e+02]
Coefficients after iteration 3 are: [   0.58117895   -5.96286399  -98.15556902   -8.92362515  482.26864397
   36.47227735  175.88105966   96.84973297  138.24184623  161.51088968
  266.1533265    44.64151657  397.61464007   56.62816462   75.10443909
 -572.19568905]
Coefficients after iteration 4 are: [   0.59349346   -6.84501484  -98.09367998   -8.9508551   481.99585794
   35.95738639  176.83871477   96.03852329  138.1178035   161.52855747
  267.05757226   44.36754406  398.07356151   56.02842753   76.03759028
 -572.17365674]
Coefficients after iteration 5 are: [   0.57234238   -7.41721419  -98.0537918    -8.96785585  481.81180835
   35.62057584  177.46130286   95.51569914  138.03713147  161.53836584
  267.64543756   44.18731446  398.37294912   55.64667036   76.6323122
 -572.16501152]
Coefficients after iteration 6 are: [ 5.63693491e-01 -7.93398120e+00 -9.80177851e+01 -8.98294441e+00
  4.81642429e+02  3.53155633e+01  1.78023808e+02  9.50460795e+01
  1.37964288e+02  1.61546493e+02  2.68176574e+02  4.40234988e+01
  3.98644452e+02  5.53056781e+01  7.71639784e+01 -5.72159283e+02]
Coefficients after iteration 7 are: [ 5.40603707e-01 -8.15605699e+00 -9.80023224e+01 -8.98935484e+00
  4.81568608e+02  3.51842897e+01  1.78265339e+02  9.48451321e+01
  1.37933009e+02  1.61549803e+02  2.68404628e+02  4.39527765e+01
  3.98761210e+02  5.51601603e+01  7.73906151e+01 -5.72157744e+02]
Coefficients after iteration 8 are: [ 5.52857703e-01 -8.53884645e+00 -9.79756652e+01 -9.00018065e+00
  4.81441053e+02  3.49579433e+01  1.78681847e+02  9.44995971e+01
  1.37879087e+02  1.61555429e+02  2.68797906e+02  4.38307100e+01
  3.98963368e+02  5.49105073e+01  7.77806337e+01 -5.72154516e+02]
Coefficients after iteration 9 are: [ 5.48785621e-01 -8.80353058e+00 -9.79572472e+01 -9.00759357e+00
  4.81352248e+02  3.48012789e+01  1.78969676e+02  9.42611935e+01
  1.37841813e+02  1.61559251e+02  2.69069680e+02  4.37460912e+01
  3.99103249e+02  5.47386437e+01  7.80492460e+01 -5.72152790e+02]
Coefficients after iteration 10 are: [ 5.32977419e-01 -8.92670727e+00 -9.79486844e+01 -9.01101922e+00
  4.81310651e+02  3.47283579e+01  1.79103499e+02  9.41504567e+01
  1.37824481e+02  1.61561011e+02  2.69196038e+02  4.37066608e+01
  3.99168332e+02  5.46588300e+01  7.81738380e+01 -5.72152269e+02]
