Central server contains 4700 number of recors
First node contains 3092 number of recors
Second node contains 3093 number of recors
Coefficients before iterations start are: [ 0.0216358   0.22843066  0.36183711  0.86910588  3.50070821  3.00057885
  1.82560385  0.53803323  0.45747878  0.27306922  1.1601112  -0.11292471
  0.62010708  0.32833225  0.27338948 -6.33305999]
Coefficients after iteration 1 are: [   1.61308619  -47.99548077 -111.57182     -75.89017875  226.67479043
  -40.07454042  164.4498055    53.51784396   69.16973502  141.09631874
   91.71986287   35.46795509  229.50368858    7.13879511   51.87186751
 -378.96008001]
Coefficients after iteration 2 are: [ 1.01921627e-01 -1.21445435e+00  2.03167951e+02  1.92324140e+02
  7.99107743e+02  2.01699768e+02  7.93474443e+02  4.41945017e-01
 -3.29309882e+00  4.43355696e+01  6.39760577e+00 -5.83320120e+00
  5.96955890e+02 -2.58743908e-01  4.85895664e+00 -8.07272219e+02]
Coefficients after iteration 3 are: [ 1.57714769e-01 -3.43569654e+00  1.34773474e+02  1.33671135e+02
  8.23595182e+02  1.36577815e+02  8.18162333e+02 -7.44391391e+00
  6.84826989e+00  2.42345647e+00  1.22835582e+01  8.33425711e-01
  6.88585483e+02  8.32639022e+00  1.33658316e+01 -8.43674177e+02]
Coefficients after iteration 4 are: [ 9.84103620e-02 -3.59959164e+00  1.31520974e+02  1.32746224e+02
  8.27969395e+02  1.34200666e+02  8.18760865e+02  1.10812323e+00
  3.36398494e+00  1.42184273e+01  7.69223834e+00 -3.14559580e+00
  6.90785325e+02  5.19261080e+00  1.06196339e+01 -8.41968296e+02]
Coefficients after iteration 5 are: [ 9.84103620e-02 -3.59959164e+00  1.31520974e+02  1.32746224e+02
  8.27969395e+02  1.34200666e+02  8.18760865e+02  1.10812323e+00
  3.36398494e+00  1.42184273e+01  7.69223834e+00 -3.14559580e+00
  6.90785325e+02  5.19261080e+00  1.06196339e+01 -8.41968296e+02]
