Central server contains 5000 number of recors
First node contains 2942 number of recors
Second node contains 2943 number of recors
Coefficients before iterations start are: [ 0.0216358   0.22843066  0.36183711  0.86910588  3.50070821  3.00057885
  1.82560385  0.53803323  0.45747878  0.27306922  1.1601112  -0.11292471
  0.62010708  0.32833225  0.27338948 -6.33305999]
Coefficients after iteration 1 are: [ -1.82738518 -41.54515067  -5.4805559   -8.46235132  98.60352478
 -22.95184081 -23.1982727  -21.68918568   2.2524925   46.15808458
  68.49701851 -18.35753626  76.60899795 -24.10727588  65.67227641
  -1.49524479]
Coefficients after iteration 2 are: [  -0.57486089  -67.93672497  -35.0445586   -18.54061762  253.42135292
  -26.67189945   60.44401142   13.93366019   32.32240951  134.65394856
  233.93254557  -31.55353316  187.87833156  -26.24253612  108.52135441
 -202.42933526]
Coefficients after iteration 3 are: [   0.74587324 -113.02934943  -52.77637499  -31.89509471  342.00797584
  -14.76183303   95.08845816    8.1971527    54.28064569  185.78819481
  312.84621525  -49.19196572  232.47372438    5.25550798   38.79991485
 -315.25173711]
Coefficients after iteration 4 are: [  -0.40677398 -119.36901462  -52.6630587   -29.63672921  338.68337348
   -6.23554696   92.11300232   10.14257521   56.06000383  190.16948107
  321.89432226  -49.01701223  291.94102319  -17.39781191   90.64568323
 -318.77238439]
Coefficients after iteration 5 are: [  -0.40677398 -119.36901462  -52.6630587   -29.63672921  338.68337348
   -6.23554696   92.11300232   10.14257521   56.06000383  190.16948107
  321.89432226  -49.01701223  291.94102319  -17.39781191   90.64568323
 -318.77238439]
