Central server contains 9100 number of recors
First node contains 892 number of recors
Second node contains 893 number of recors
Coefficients before iterations start are: [ 0.0216358   0.22843066  0.36183711  0.86910588  3.50070821  3.00057885
  1.82560385  0.53803323  0.45747878  0.27306922  1.1601112  -0.11292471
  0.62010708  0.32833225  0.27338948 -6.33305999]
Coefficients after iteration 1 are: [  0.5977608  -19.29190135  -1.13711346  -2.53982723   6.43441822
  -6.54046483 -13.18899202  -8.02992915   2.61901458  51.17109485
 -44.44995896  -5.98584919   0.5888052  -12.52895219  -4.50394285
 -36.48650691]
Coefficients after iteration 2 are: [   1.35943481   69.43420851  -86.03054852  -75.80200846  196.57930961
   27.90764176   29.98082486   42.65099731   28.83408649  274.92854698
 -256.78688337  -17.34825486  120.01213165   51.06445969   -6.62402791
 -212.0262869 ]
Coefficients after iteration 3 are: [   7.86397511 -233.89827846  -98.15819787  -80.39593608   69.31957679
  -76.39248847   69.70896356  -65.18390874   44.14907731  481.96745207
 -450.984243    -30.57575963    0.63524333 -176.48904975   14.23675145
 -532.41257586]
Coefficients after iteration 4 are: [   8.05727326 -229.92317936  -98.99159406  -80.94630627   77.96282445
  -74.58639611   61.51821183  -64.14090693   44.87143387  490.52712978
 -458.10680906  -32.02623653    8.45418167 -171.87863176   10.00772759
 -537.40016233]
Coefficients after iteration 5 are: [   8.08221046 -228.99251575  -99.20546866  -81.09052289   79.98076662
  -74.17614578   59.69732398  -63.85829931   45.04501506  492.56487476
 -459.84121475  -32.37839879   10.23138777 -170.82438498    9.08754268
 -538.60406594]
Coefficients after iteration 6 are: [   8.01105607 -228.65740033  -99.28299028  -81.14419816   80.70613937
  -74.03586442   59.05267838  -63.75430865   45.10726774  493.29718383
 -460.46942789  -32.50660243   10.86008713 -170.44564516    8.76449624
 -539.04279701]
Coefficients after iteration 7 are: [   8.11526864 -227.26318909  -99.60519837  -81.36736864   83.71722555
  -73.45671192   56.38313027  -63.32117581   45.36630994  496.34077165
 -463.08521243  -33.03784146   13.46578347 -168.87323313    7.42946748
 -540.86623804]
Coefficients after iteration 8 are: [   7.95616761 -227.25977712  -99.60612112  -81.36814794   83.7246665
  -73.45544876   56.37560712  -63.32027821   45.36689306  496.34863365
 -463.09203382  -33.03960333   13.47175233 -168.86963993    7.4249697
 -540.87320997]
Coefficients after iteration 9 are: [   8.00453797 -227.18183808  -99.62415272  -81.38063392   83.88938036
  -73.42377485   56.23055564  -63.29680351   45.38149143  496.51877869
 -463.23884483  -33.06824694   13.61456745 -168.78344923    7.35266688
 -540.9748192 ]
Coefficients after iteration 10 are: [   7.95434245 -227.17846793  -99.62496487  -81.38122894   83.89661163
  -73.42240922   56.22385634  -63.2958057    45.38211633  496.52633136
 -463.24537012  -33.0696343    13.62073414 -168.77977674    7.34907938
 -540.98005315]
