Central server contains 2600 number of recors
First node contains 4142 number of recors
Second node contains 4143 number of recors
Coefficients before iterations start are: [ 0.0216358   0.22843066  0.36183711  0.86910588  3.50070821  3.00057885
  1.82560385  0.53803323  0.45747878  0.27306922  1.1601112  -0.11292471
  0.62010708  0.32833225  0.27338948 -6.33305999]
Coefficients after iteration 1 are: [  0.31192044  -2.458143     0.08569746   0.21577254  -2.78617411
   1.12129147  -1.1595786   -2.13164444   1.59308236  15.42352116
 -20.76387096  -1.26214887  -6.11273595  -2.55776881  -7.03595096
 -19.09654958]
Coefficients after iteration 2 are: [   1.01928391   22.78750104  -22.39770788  -19.89757846   40.54514542
   26.61824153  -29.7754224     6.82507389   13.25428283   89.5112296
 -158.80954688   -4.9517266    32.5269184   -11.22672137    3.86091225
  -93.32472561]
Coefficients after iteration 3 are: [   8.33696191 -163.52210746  -38.55979113  -25.45903319 -117.26094108
 -186.94643297   70.42594328  -48.22498254   35.38539627  278.78324659
 -599.17886461  -27.04307465 -381.3592483    -2.10514712 -257.55105627
 -454.25868042]
Coefficients after iteration 4 are: [    7.13980962    51.14265203   -77.08723954   -48.24774408
    86.72536126   -51.2365676   -258.3197491    -49.3626712
    69.16770449   664.07296275 -1041.044589     -53.90904275
  -157.20866312  -168.81000506  -131.48567574  -697.09124151]
Coefficients after iteration 5 are: [    7.13980962    51.14265203   -77.08723954   -48.24774408
    86.72536126   -51.2365676   -258.3197491    -49.3626712
    69.16770449   664.07296275 -1041.044589     -53.90904275
  -157.20866312  -168.81000506  -131.48567574  -697.09124151]
