Central server contains 8800 number of recors
First node contains 1042 number of recors
Second node contains 1043 number of recors
Coefficients before iterations start are: [ 0.0216358   0.22843066  0.36183711  0.86910588  3.50070821  3.00057885
  1.82560385  0.53803323  0.45747878  0.27306922  1.1601112  -0.11292471
  0.62010708  0.32833225  0.27338948 -6.33305999]
Coefficients after iteration 1 are: [  0.6988466  -13.3409935   -1.07956814  -1.52721216  -6.76048278
  -2.93603831  -7.3429245   -5.19684552   3.77088822  43.62117155
 -53.40499232  -3.25362394 -14.56135082  -5.01573018 -19.11417763
 -39.25673612]
Coefficients after iteration 2 are: [   3.88113789   84.36902699 -261.22810391 -142.07639509  337.98564677
   92.80690021  252.42544318  191.65084348  102.51687038    9.90328027
 -852.54833769   47.07632694  114.71008389  122.53148515  127.56535389
 -701.94536359]
Coefficients after iteration 3 are: [   10.22037553  -139.54782822  -250.16472694  -114.29328988
   276.89420857   162.46728578     5.03352455  -135.93826955
   113.34781005   295.65104814 -1000.09716412    22.62860065
   134.54222848    56.18991849   -89.76102971  -874.59512426]
Coefficients after iteration 4 are: [   11.62162502   -65.57442307  -241.34382292  -100.6647661
   253.84189242    93.51744706    55.24063573   -65.91263222
   122.41618349   424.14376316 -1155.44520308   -30.04145862
    15.76108879     1.58058351   -78.16945862  -957.81726124]
Coefficients after iteration 5 are: [   11.69173164   -65.57225712  -241.34352002  -100.66412387
   253.84224009    93.51934479    55.23894865   -65.90867142
   122.41688881   424.14886209 -1155.45418444   -30.04189338
    15.76419759     1.5818477    -78.16892119  -957.81950167]
Coefficients after iteration 6 are: [   11.69173164   -65.57225712  -241.34352002  -100.66412387
   253.84224009    93.51934479    55.23894865   -65.90867142
   122.41688881   424.14886209 -1155.45418444   -30.04189338
    15.76419759     1.5818477    -78.16892119  -957.81950167]
