Central server contains 7200 number of recors
First node contains 1842 number of recors
Second node contains 1843 number of recors
Coefficients before iterations start are: [ 0.0216358   0.22843066  0.36183711  0.86910588  3.50070821  3.00057885
  1.82560385  0.53803323  0.45747878  0.27306922  1.1601112  -0.11292471
  0.62010708  0.32833225  0.27338948 -6.33305999]
Coefficients after iteration 1 are: [    6.53667964    43.07583957  -182.64242966  -219.23820806
   173.68893622   164.45524559    13.83593612    95.21738624
   229.90836601   231.95331167 -1022.19984707    15.11479876
   -88.77994899    54.65381406   -19.35479433  -639.46827385]
Coefficients after iteration 2 are: [ 3.10592265e+00  1.40216206e+02 -1.38101958e+03 -4.94723956e+03
 -2.74856469e+02 -1.52346394e+03 -1.02092736e+03  2.01142720e+02
 -2.52129489e+02 -5.66156428e+02 -3.96924618e+04 -8.93368434e+01
  7.98065180e+01 -6.60213327e+01 -1.28326327e+03 -1.48756397e+02]
Coefficients after iteration 3 are: [ 1.21742411e+01 -2.47396351e+02 -1.36537174e+03 -4.90738600e+03
  1.29142687e+02 -1.31111416e+03 -7.94806721e+02  5.23159828e+01
 -1.56454889e+02 -3.58050694e+02 -3.97401749e+04 -6.61138823e+01
 -8.66273810e+01 -1.48539318e+02 -1.07733852e+03 -5.01126783e+02]
Coefficients after iteration 4 are: [ 1.20056536e+01 -1.20257149e+02 -1.35881491e+03 -4.89075511e+03
  1.52112656e+02 -1.22254092e+03 -7.00491273e+02  6.16354757e+01
 -1.21314110e+02 -2.72652362e+02 -3.97600384e+04 -7.83807527e+01
 -1.33653650e+01 -1.12628797e+02 -9.91458080e+02 -5.32936996e+02]
Coefficients after iteration 5 are: [ 2.90542152e+00  3.91503137e+02 -1.31757401e+03 -4.78617631e+03
  1.51932770e+02 -6.66300880e+02 -1.08197317e+02  1.05915605e+02
  9.67331225e+01  2.49322228e+02 -3.98847382e+04 -9.55406713e+01
  2.74770837e+02  6.35243515e+01 -4.52042682e+02 -6.45105530e+02]
Coefficients after iteration 6 are: [ 2.90542152e+00  3.91503137e+02 -1.31757401e+03 -4.78617631e+03
  1.51932770e+02 -6.66300880e+02 -1.08197317e+02  1.05915605e+02
  9.67331225e+01  2.49322228e+02 -3.98847382e+04 -9.55406713e+01
  2.74770837e+02  6.35243515e+01 -4.52042682e+02 -6.45105530e+02]
