Central server contains 1500 number of recors
First node contains 4692 number of recors
Second node contains 4693 number of recors
Coefficients before iterations start are: [ 0.0216358   0.22843066  0.36183711  0.86910588  3.50070821  3.00057885
  1.82560385  0.53803323  0.45747878  0.27306922  1.1601112  -0.11292471
  0.62010708  0.32833225  0.27338948 -6.33305999]
Coefficients after iteration 1 are: [  0.93656221   2.00060337  -0.33849602  -0.58272035 -26.4264527
  -0.32865012  -4.62011748  -5.9919664    3.36350187  37.71304467
 -75.07354866  -2.41531593 -33.58018115  -2.63410248 -34.16533943
 -50.23878164]
Coefficients after iteration 2 are: [  -0.97167956  122.87555493 -129.15468957  -98.89494361  264.50309783
  249.52938759 -133.63818457   82.90017249   53.38869803  343.45829766
 -724.24525889  -27.56492462  200.38176621  -74.66233907   58.94298977
 -349.60356724]
Coefficients after iteration 3 are: [   10.18362401    52.74987273  -130.01652135   -86.46181242
   107.17041152    21.55560834   -45.75175867    22.15397846
    67.03769926   450.07295033 -1093.81082013   -44.78831747
  -251.53704759   -15.08472934  -247.88283834  -707.61122205]
Coefficients after iteration 4 are: [   10.52285909    54.15256721  -131.7529644    -88.10428219
   104.39893065    34.354841     -49.65445234    23.46358364
    69.76290822   459.65384476 -1129.41577446   -43.43775543
  -242.76762779   -18.75801923  -246.94835776  -724.44499715]
Coefficients after iteration 5 are: [   10.61327847    54.92353721  -132.83317362   -89.13909098
   102.67663512    42.02165979   -51.62492615    24.24594446
    71.41878834   465.32083544 -1151.87620797   -42.54689386
  -237.9078724    -20.56804109  -246.6535038   -735.05298373]
Coefficients after iteration 6 are: [   10.73461083    55.67420359  -133.93261292   -90.18667456
   100.95265035    49.64230106   -53.47305857    25.04222278
    73.13487798   470.98018177 -1175.25371893   -41.56492951
  -233.24714064   -22.25456192  -246.5782033   -746.07797149]
Coefficients after iteration 7 are: [   10.77256664    56.14221709  -134.71934672   -90.92530847
    99.74168308    54.87200289   -54.60712035    25.61564818
    74.41980479   474.83483754 -1192.54115688   -40.79640264
  -230.28351843   -23.27629314  -246.7901242   -754.25366812]
Coefficients after iteration 8 are: [    9.22423196    82.57174838  -193.57602667  -146.28786162
    15.98758668   433.64064261  -134.56289951    68.556344
   166.70382661   754.71928711 -2470.71924979    14.05097623
   -19.10529931   -93.48624026  -266.04316557 -1359.1942588 ]
Coefficients after iteration 9 are: [    9.22423196    82.57174838  -193.57602667  -146.28786162
    15.98758668   433.64064261  -134.56289951    68.556344
   166.70382661   754.71928711 -2470.71924979    14.05097623
   -19.10529931   -93.48624026  -266.04316557 -1359.1942588 ]
