Central server contains 8700 number of recors
First node contains 1092 number of recors
Second node contains 1093 number of recors
Coefficients before iterations start are: [ 0.0216358   0.22843066  0.36183711  0.86910588  3.50070821  3.00057885
  1.82560385  0.53803323  0.45747878  0.27306922  1.1601112  -0.11292471
  0.62010708  0.32833225  0.27338948 -6.33305999]
Coefficients after iteration 1 are: [  0.26770204  -2.33557225   0.21871456   0.59700573  -4.30254777
   2.01331486   0.56240928  -0.33949548   1.26033337  11.81740691
 -18.25291171  -0.51466874  -8.12246083  -0.01843075  -9.40184976
 -17.16462776]
Coefficients after iteration 2 are: [   0.40000039   46.11314576  -30.28348383  -25.60935304   63.06961047
   59.30865598  -64.21662057   15.47259963   14.01210836  109.77310282
 -190.43874775   -3.00248439   44.3951916   -31.16480291    0.79673317
 -100.68204031]
Coefficients after iteration 3 are: [   5.49870907 -141.63750819  -40.85456925  -17.8512418  -116.72282976
 -135.59130994   54.41888121    7.20684112   33.60993087  251.46671347
 -566.75556404   -9.2300817  -374.15633429   66.62464161 -319.57055806
 -451.41625658]
Coefficients after iteration 4 are: [  10.14239621   32.37122973  -65.47764442  -39.78870183   19.34084582
  -15.23406335 -159.16604996   14.78203547   52.81019777  475.97025045
 -853.91905762  -18.95614209 -248.03504531 -103.79373739 -281.1440945
 -594.27807171]
Coefficients after iteration 5 are: [    7.72974687   -71.66704144  -168.24670832  -133.85184109
    40.326246     226.62631118   -26.87452415    91.63929308
   119.19055855   717.79854923 -1575.24459032    -9.1169079
   -78.22892647    41.37939855  -334.30006194  -957.791084  ]
Coefficients after iteration 6 are: [    7.72974687   -71.66704144  -168.24670832  -133.85184109
    40.326246     226.62631118   -26.87452415    91.63929308
   119.19055855   717.79854923 -1575.24459032    -9.1169079
   -78.22892647    41.37939855  -334.30006194  -957.791084  ]
