Central server contains 2700 number of recors
First node contains 4092 number of recors
Second node contains 4093 number of recors
Coefficients before iterations start are: [ 0.0216358   0.22843066  0.36183711  0.86910588  3.50070821  3.00057885
  1.82560385  0.53803323  0.45747878  0.27306922  1.1601112  -0.11292471
  0.62010708  0.32833225  0.27338948 -6.33305999]
Coefficients after iteration 1 are: [  0.36127823  -4.64871559  -0.0741683   -0.15931335  -2.00241686
   0.11106341  -2.80822112  -3.28313659   1.87175821  20.99670947
 -25.03240831  -1.91606641  -5.27346656  -4.01216754  -6.6573873
 -21.89804572]
Coefficients after iteration 2 are: [   0.7283207    21.06850273  -24.1146484   -21.65895189   51.57287934
   20.63907634  -18.8122487     8.36065645   12.15406066   84.7232292
 -137.79232115   -4.53031072   41.8811708    -3.88911904    8.58256217
  -87.25687749]
Coefficients after iteration 3 are: [   8.72948869 -293.35101619  -37.95964674  -19.22356835 -117.87473006
 -230.28029434   92.22732447  -77.66108303   37.4355622   353.18074208
 -599.38228629  -33.95816296 -382.50311749  -29.2382855  -283.1039534
 -526.43430842]
Coefficients after iteration 4 are: [   9.43824692 -179.78528771  -58.90138829  -37.2732288     6.7301493
 -168.3382972   -65.53887915  -76.2070129    51.13896119  535.71304168
 -772.47257348  -52.76976111 -243.25539873  -95.58802968 -198.58689806
 -628.99426613]
Coefficients after iteration 5 are: [   9.83287711 -179.77995104  -58.90249559  -37.27399504    6.73528564
 -168.33491618  -65.53969079  -76.20576554   51.14025944  535.72110184
 -772.48319348  -52.76934771 -243.2484067   -95.58641834 -198.5832462
 -628.99443639]
Coefficients after iteration 6 are: [   9.83287711 -179.77995104  -58.90249559  -37.27399504    6.73528564
 -168.33491618  -65.53969079  -76.20576554   51.14025944  535.72110184
 -772.48319348  -52.76934771 -243.2484067   -95.58641834 -198.5832462
 -628.99443639]
