Central server contains 3100 number of recors
First node contains 3892 number of recors
Second node contains 3893 number of recors
Coefficients before iterations start are: [ 0.0216358   0.22843066  0.36183711  0.86910588  3.50070821  3.00057885
  1.82560385  0.53803323  0.45747878  0.27306922  1.1601112  -0.11292471
  0.62010708  0.32833225  0.27338948 -6.33305999]
Coefficients after iteration 1 are: [   1.96033235  -29.80204116   -2.35640846   -5.32811185  -25.91701592
  -15.22991567  -25.72932133  -21.0825926     9.07124318  127.38781312
 -157.01978827  -10.80263169  -25.20743284  -26.96963678  -33.10137127
  -97.07044399]
Coefficients after iteration 2 are: [   1.26309158   94.394888   -113.12496986  -98.0114411   243.31062656
   76.94135629  -27.0266048    58.37939449   49.69104346  317.47829108
 -564.15055026  -14.02811793  210.03693366    9.0346695    51.8901318
 -351.96925888]
Coefficients after iteration 3 are: [   2.63035528   73.48779103 -113.28922349  -97.38890331  233.58703537
   62.98979609  -20.20905262   52.45675875   50.84621572  330.73964572
 -584.84625888  -16.02331895  186.92896319    6.49942951   35.89242986
 -375.60623944]
Coefficients after iteration 4 are: [   9.10382245 -182.25631836 -116.83333563  -86.17928142   74.67321787
 -107.57101296   68.75221099  -31.22010572   66.83284472  509.47645905
 -907.47405062  -26.04162635  -84.133071    -38.57608921 -145.39390701
 -690.33873465]
Coefficients after iteration 5 are: [   9.24579873 -182.25504483 -116.83341705  -86.17925406   74.67448645
 -107.57029862   68.75167698  -31.219694     66.83312812  509.4779644
 -907.47614236  -26.04149618  -84.1314129   -38.57571158 -145.39294301
 -690.33781354]
Coefficients after iteration 6 are: [   9.24579873 -182.25504483 -116.83341705  -86.17925406   74.67448645
 -107.57029862   68.75167698  -31.219694     66.83312812  509.4779644
 -907.47614236  -26.04149618  -84.1314129   -38.57571158 -145.39294301
 -690.33781354]
