Central server contains 3900 number of recors
First node contains 3492 number of recors
Second node contains 3493 number of recors
Coefficients before iterations start are: [ 0.0216358   0.22843066  0.36183711  0.86910588  3.50070821  3.00057885
  1.82560385  0.53803323  0.45747878  0.27306922  1.1601112  -0.11292471
  0.62010708  0.32833225  0.27338948 -6.33305999]
Coefficients after iteration 1 are: [   2.08383039  -19.30572163   -1.93110424   -4.05775597  -39.47903418
  -10.68938123  -19.24890851  -14.26079708    8.75523343  107.84308833
 -158.52293463   -7.89397597  -45.27979026  -17.15313922  -51.38032524
  -97.27849921]
Coefficients after iteration 2 are: [   6.24489882  -54.95080226 -119.43968036  -80.81352163  114.04349602
  -33.10094471   48.40632718   40.23805885   60.41335905  245.72976771
 -779.50097452    1.08816466 -109.19223928    7.25070547  -73.08511501
 -523.45987127]
Coefficients after iteration 3 are: [    7.22850857    62.23450071  -117.07761295   -71.62204175
   160.26832841    94.6228418   -138.26084606    24.01044675
    89.51588212   428.23309816 -1059.42479416   -11.09220895
    92.34956367   -44.06239309   -23.4489521   -626.86039872]
Coefficients after iteration 4 are: [    7.52511294    58.34439104  -117.44980481   -71.85249183
   157.05585745    90.57104585  -134.36303947    23.86014508
    89.97272406   430.52828826 -1068.79806229   -11.14597961
    84.1379335    -42.94481942   -27.78908237  -633.35182966]
Coefficients after iteration 5 are: [    7.74303766    54.6219667   -117.84006038   -72.10828829
   153.94898452    86.67643388  -130.44100467    23.78892953
    90.42480559   432.82511756 -1078.50183025   -11.2550696
    76.22049033   -41.81932898   -32.12325366  -639.89306228]
Coefficients after iteration 6 are: [   11.39605035   -69.22346347  -133.91641014   -80.69005968
    48.78424827   -39.47631058     9.71356763    26.60904242
   105.03371049   513.81674915 -1433.93623368   -19.11461577
  -182.07644436    -3.97883669  -169.96474189  -872.10219851]
Coefficients after iteration 7 are: [   11.39605035   -69.22346347  -133.91641014   -80.69005968
    48.78424827   -39.47631058     9.71356763    26.60904242
   105.03371049   513.81674915 -1433.93623368   -19.11461577
  -182.07644436    -3.97883669  -169.96474189  -872.10219851]
