Central server contains 5100 number of recors
First node contains 2892 number of recors
Second node contains 2893 number of recors
Coefficients before iterations start are: [ 0.0216358   0.22843066  0.36183711  0.86910588  3.50070821  3.00057885
  1.82560385  0.53803323  0.45747878  0.27306922  1.1601112  -0.11292471
  0.62010708  0.32833225  0.27338948 -6.33305999]
Coefficients after iteration 1 are: [ -0.6932776  -18.62601207  -1.43450808  -2.85395169  45.11178343
  -7.87405132 -11.86663889  -9.60516754   0.26211734  21.12466226
  29.34573878  -7.04352092  37.77776435 -14.02932619  35.05976802
  -0.36426547]
Coefficients after iteration 2 are: [ 1.17778512e-01 -8.48178818e+01 -2.85906497e+01 -1.62530328e+01
  1.08057765e+02  2.12365569e+01  4.26794266e+01 -6.35249120e+00
  1.30349401e+01  1.03982992e+02  1.74081577e+02 -4.15263854e+01
  1.49548020e+02 -4.59978396e+01  4.26099967e+01 -1.56014170e+02]
Coefficients after iteration 3 are: [  -2.59520265  -94.28881211  -45.47122822  -22.86908836  320.68053469
  -20.73523461   51.91781513    7.81134358   29.64787361  182.6134536
  278.62825409  -50.84817876  225.19496116  -45.51902743  140.1132836
 -216.13043727]
Coefficients after iteration 4 are: [  -2.0070026  -104.40388896  -49.65873885  -25.48733857  340.60626165
  -23.45140697   59.17530697    5.60652507   32.11929426  194.08327941
  300.28942155  -54.90681379  236.98096636  -43.7357503   135.55403697
 -232.92616846]
Coefficients after iteration 5 are: [  -2.0070026  -104.40388896  -49.65873885  -25.48733857  340.60626165
  -23.45140697   59.17530697    5.60652507   32.11929426  194.08327941
  300.28942155  -54.90681379  236.98096636  -43.7357503   135.55403697
 -232.92616846]
