Central server contains 6300 number of recors
First node contains 2292 number of recors
Second node contains 2293 number of recors
Coefficients before iterations start are: [ 0.0216358   0.22843066  0.36183711  0.86910588  3.50070821  3.00057885
  1.82560385  0.53803323  0.45747878  0.27306922  1.1601112  -0.11292471
  0.62010708  0.32833225  0.27338948 -6.33305999]
Coefficients after iteration 1 are: [   11.74906462    23.65328292  -228.72844945  -118.38078487
   291.35534473    44.67876101    64.21095036    60.07972275
   214.43601761   378.97563126 -1205.13738837     7.38350846
   113.88119167    74.26919867   -43.07565534 -1083.59589757]
Coefficients after iteration 2 are: [ 3.88707816e+00 -2.74818779e+01 -1.30348432e+05  1.74053072e+02
  4.31589413e+02  1.33687150e+02  3.43908772e+02 -2.95947799e+01
 -9.32732028e+01  2.83517239e+02 -1.58421196e+05 -1.39721530e+01
  2.42775291e+02 -1.01311850e+01  5.13059277e+00 -6.37052430e+02]
Coefficients after iteration 3 are: [ 3.33959514e-01 -2.94542945e-01 -1.24958819e+05 -2.30659466e+01
  3.48646153e-01  1.55773231e+01  2.16519639e-01  6.71115036e+00
  1.82337661e+01  8.00695542e+00 -1.63482507e+05  7.01198376e+00
 -2.42615831e-01  1.21523061e+01  1.92158047e+00 -2.79003369e+01]
Coefficients after iteration 4 are: [ 5.29187162e+00 -2.40287139e+01 -1.19275335e+05  4.06194708e+02
  5.60762746e+02  4.88909239e+02  4.02192784e+02 -4.02653842e+02
 -1.01483485e+02  1.57928254e+02 -1.68787420e+05 -1.22606787e+02
  1.01233868e+02  1.01537324e+02  6.19298414e+01 -9.20202892e+02]
Coefficients after iteration 5 are: [ 9.93981881e+00  1.02164631e+01 -1.18427825e+05 -3.12227974e+02
  2.81371978e+02  5.77850597e+01  8.20798600e+01  7.08299503e+01
  2.77207346e+02  2.94804716e+02 -1.69586746e+05  4.01646443e+00
  1.08118397e+02  7.46573272e+01  4.45688199e+00 -9.58488961e+02]
Coefficients after iteration 6 are: [ 1.81621478e-01 -5.33640555e+00 -1.13343385e+05  1.57361849e+00
 -7.10142398e-02  3.79185497e+00 -2.97428932e+01 -4.51446324e-01
  2.04363051e+01  1.69684815e+01 -1.74365284e+05  9.55419620e-01
 -5.14050823e+00 -4.19291361e-01  5.80662461e+00 -1.39049087e+01]
Coefficients after iteration 7 are: [ 2.17620424e+00  2.38096139e+00 -1.12752973e+05 -4.32143576e+00
  7.48528408e+01  5.28981742e+01  3.18273983e+01 -5.10257501e+00
 -2.78269499e+01  7.40102986e+01 -1.74920616e+05 -6.45272935e+01
  1.00556673e+01  1.75738193e+01  2.09856106e+00 -2.09470689e+02]
Coefficients after iteration 8 are: [ 5.68139139e-01 -1.80821031e+00 -1.09408192e+05  2.11493386e+01
  1.55247026e+01 -1.31245230e+01 -1.39001524e+01  1.66811471e+01
 -6.88723552e+01  1.41414500e+01 -1.78061265e+05 -2.49642560e+01
  6.40953616e+00 -2.05584947e+01 -2.42268590e+01 -3.63022764e+01]
Coefficients after iteration 9 are: [ 3.00946059e+00  9.83917691e+00 -1.06221375e+05 -8.41497619e+00
  1.05946601e+02  1.47728415e+02 -1.37882759e+01 -6.16925952e+01
  4.67969427e+01 -7.50127431e+01 -1.81067234e+05 -2.28088320e+02
 -5.35483592e+01  5.57147472e+01  2.27486492e+01 -2.65790971e+02]
Coefficients after iteration 10 are: [ 7.21475231e-01 -1.59447627e+01 -1.00444824e+05  4.64879773e+02
  4.86666182e+02  4.89524346e+02  4.55672374e+02 -1.74530513e+01
  2.63177018e+02 -1.27907495e+01 -1.86494475e+05 -3.24223251e+00
 -1.80245657e+01  9.14864440e-01  6.94834638e-01 -5.12224794e+02]
