Central server contains 2200 number of recors
First node contains 4342 number of recors
Second node contains 4343 number of recors
Coefficients before iterations start are: [ 0.0216358   0.22843066  0.36183711  0.86910588  3.50070821  3.00057885
  1.82560385  0.53803323  0.45747878  0.27306922  1.1601112  -0.11292471
  0.62010708  0.32833225  0.27338948 -6.33305999]
Coefficients after iteration 1 are: [  0.27248108  -0.52908133   0.26540791   0.65663962  -5.1685735
   2.55101018   0.84780822  -0.5403682    0.83993548  10.64018606
 -17.99898636  -0.43058698  -8.54402135  -0.32809532  -8.81853873
 -17.00714953]
Coefficients after iteration 2 are: [ 2.24398089e-01  4.58176696e-01 -4.65604943e-01 -8.11531904e-03
 -4.84739850e+00  4.26939491e+00 -1.14948331e+00 -3.08622999e-01
  1.11919135e+00  1.45367414e+01 -2.51174270e+01 -5.77694722e-01
 -8.46753537e+00 -1.12113508e+00 -9.62047088e+00 -2.05113899e+01]
Coefficients after iteration 3 are: [  0.2774433    0.90619679  -1.41882415  -0.84618384  -4.90161952
   5.89561682  -2.16120449   0.04484869   1.51425606  18.6100265
 -34.51593174  -0.64295101  -9.22758107  -1.56302582 -11.10554165
 -25.22653745]
Coefficients after iteration 4 are: [   1.73948092    2.97498695  -12.52619966   -9.76608297   -9.51239429
   21.93406111   -8.88028828    4.11920972    6.51348564   64.84901
 -156.88577991   -0.70546591  -26.21826478   -3.68420136  -34.32944419
  -87.01894638]
Coefficients after iteration 5 are: [   6.72195442    9.46654765  -37.79192203  -26.86895684  -54.0831392
   58.39498673  -16.36567226    4.07383194   25.8749817   222.97021942
 -621.72802451    1.20074912 -121.7035298   -11.33980173 -134.32091184
 -319.40432133]
Coefficients after iteration 6 are: [   -67456.26347862    600883.11064467  -1210056.28612256
   -842746.35206727   -770808.51775257   3245850.20635359
  -2367771.40724069    643590.48272446    846916.57721912
   8060994.42581593 -19499303.33266999   -407909.43241458
  -1740980.90509198  -1084848.54007789  -3271396.56284125
  -9332080.58020601]
Coefficients after iteration 7 are: [   -66422.53215716    600888.82186744  -1210050.57489979
   -842740.6408445    -770799.95091842   3245855.91757636
  -2367765.69601792    643596.19394723    846922.28844189
   8061011.55948425 -19499309.04389276   -407903.72119181
  -1740975.19386921  -1084842.82885512  -3271390.85161848
  -9332063.4465377 ]
Coefficients after iteration 8 are: [   -65388.75748929    600903.10052307  -1210047.71916866
   -842737.78511337   -770788.52799391   3245858.77330749
  -2367762.84028679    643601.90540948    846925.14417302
   8061025.83813988 -19499317.61108614   -407900.86546068
  -1740966.62667583  -1084837.11739287  -3271385.14015623
  -9332052.02361319]
Coefficients after iteration 9 are: [   -64354.7151393     600903.10052307  -1210047.71916866
   -842737.78511337   -770794.30476681   3245858.77330749
  -2367762.84028679    643601.90540948    846925.14417302
   8061031.61491278 -19499334.94140486   -407900.86546068
  -1740966.62667583  -1084837.11739287  -3271390.91692913
  -9332049.13522674]
Coefficients after iteration 10 are: [   -63320.68372012    600905.98083343  -1210047.71916866
   -842737.78511337   -770794.30476681   3245861.65361785
  -2367759.95997643    643604.78571984    846925.14417302
   8061040.25584386 -19499349.34295665   -407900.86546068
  -1740966.62667583  -1084831.35677215  -3271393.79723949
  -9332040.49429566]
