Central server contains 1900 number of records
First node contains 4492 number of records
Second node contains 4493 number of records
Coefficients before iterations start are: [ 0.01342436 -0.04587195  0.70126519  1.63238515  3.63988674  3.31711058
  2.07979126  0.2064985   0.11015775 -0.67491514  0.83221968 -0.00803146
  0.6215894   0.26194885  0.18155311 -5.75991706]
Coefficients after iteration 1 are: [ 0.0207896   0.20000865  0.48298542  1.02054609  3.59638814  3.03457866
  1.91986566  0.45830436  0.42978125  0.20003122  1.02761416 -0.07797202
  0.663185    0.33898514  0.28343807 -6.32591146]
Coefficients after iteration 2 are: [ 0.01959142  0.16847893  0.46486453  1.06553821  3.54496354  3.09259829
  1.89707102  0.46578835  0.38629976  0.11023471  1.0873437  -0.10369432
  0.61201948  0.30742796  0.25156804 -6.20149203]
Coefficients after iteration 3 are: [ 0.02005542  0.18143968  0.46066223  1.05512677  3.54799599  3.06860096
  1.88745428  0.45799048  0.38425818  0.12406932  1.07122159 -0.08730108
  0.62365624  0.31253384  0.25520704 -6.22785744]
Coefficients after iteration 4 are: [ 0.02001544  0.1766959   0.45925547  1.05267005  3.54470898  3.06820418
  1.89194828  0.46352294  0.38439195  0.12308599  1.07639602 -0.090778
  0.62190158  0.31668175  0.25558559 -6.22685646]
Coefficients after iteration 5 are: [ 0.02001624  0.17669599  0.45925536  1.0526699   3.54470916  3.06820427
  1.89194797  0.46352301  0.38439198  0.12308604  1.07639626 -0.09077809
  0.62190188  0.31668168  0.25558579 -6.22685642]
