Central server contains 10000 number of records
First node contains 442 number of records
Second node contains 443 number of records
Coefficients before iterations start are: [ 0.02139631  0.20605466  0.45341908  0.94786363  3.52313333  2.97977751
  1.86277217  0.54005572  0.49257117  0.24890422  1.13471611 -0.13602683
  0.64391261  0.34786592  0.30082278 -6.33439062]
Coefficients after iteration 1 are: [ 0.02384003  0.41389136 -0.86592108  0.01104096  3.35808885  3.19229657
  1.53875023  0.5261251   0.13596572  0.46158233  1.35755844  0.06643581
  0.42253838  0.1804396   0.05676844 -6.36986776]
Coefficients after iteration 2 are: [ 2.29212700e-02  3.90838983e-01 -8.49585392e-01 -3.91521863e-03
  3.34711400e+00  3.20081650e+00  1.55448640e+00  5.43814508e-01
  1.15790755e-01  4.61167403e-01  1.34098427e+00  4.66680929e-02
  4.18977657e-01  2.33701278e-01  7.69666028e-02 -6.33930736e+00]
Coefficients after iteration 3 are: [ 0.02324674  0.40509263 -0.82625661 -0.02304815  3.33644307  3.20109254
  1.54443476  0.52622152  0.08316362  0.45699911  1.33708543  0.04822361
  0.40986419  0.21398076  0.05560885 -6.33656128]
Coefficients after iteration 4 are: [ 0.02282902  0.40151619 -0.76667564 -0.05847953  3.32976646  3.18742202
  1.53657821  0.52372156  0.0290388   0.44980634  1.32923501  0.03273101
  0.4118948   0.2241808   0.06633225 -6.30352772]
Coefficients after iteration 5 are: [ 0.02301564  0.39575255 -0.75687727 -0.061276    3.32597187  3.18768312
  1.53206525  0.52663125  0.02360048  0.44858125  1.33279243  0.03982586
  0.40757637  0.21943036  0.0599634  -6.30710749]
Coefficients after iteration 6 are: [ 0.02301147  0.39575263 -0.75687714 -0.06127603  3.32597173  3.18768312
  1.53206538  0.5266313   0.02360042  0.4485813   1.3327924   0.03982585
  0.40757634  0.21943043  0.05996344 -6.30710745]
