Central server contains 10000 number of records
First node contains 442 number of records
Second node contains 443 number of records
Coefficients before iterations start are: [ 2.16358     0.22843066  0.36183711  0.86910588  3.50070821  3.00057885
  1.82560385  0.53803323  0.45747878  0.27306922  1.1601112  -0.11292471
  0.62010708  0.32833225  0.27338948 -6.33305999]
Coefficients after iteration 1 are: [ 2.38019589e+00  4.10639863e-01 -8.27240099e-01  4.24845775e-03
  3.34525125e+00  3.17591684e+00  1.53226493e+00  5.25484700e-01
  1.47563895e-01  4.56711817e-01  1.35817284e+00  6.46208296e-02
  4.27778941e-01  1.78889407e-01  5.75089543e-02 -6.35873520e+00]
Coefficients after iteration 2 are: [ 2.29438177  0.39430475 -0.70966584 -0.06859519  3.3230874   3.18063268
  1.53055464  0.52706876  0.07353379  0.44720252  1.33236425  0.03140961
  0.41424283  0.22604348  0.07048148 -6.30502641]
Coefficients after iteration 3 are: [ 2.29542603  0.39705036 -0.70568269 -0.07078546  3.32497505  3.18885874
  1.53331031  0.52760731  0.0387697   0.45185044  1.33512269  0.04089931
  0.4084123   0.2182247   0.06009449 -6.30459337]
Coefficients after iteration 4 are: [ 2.29254028  0.39722614 -0.70114037 -0.06870948  3.32523355  3.18818653
  1.53568005  0.52606947  0.02139883  0.45019361  1.33227912  0.03825611
  0.40917084  0.2212536   0.0608175  -6.30428068]
Coefficients after iteration 5 are: [ 2.29254324  0.39643122 -0.69998797 -0.06810162  3.32600728  3.18837157
  1.53522347  0.52663299  0.01821409  0.45043463  1.33240206  0.03916756
  0.40854726  0.22030571  0.060748   -6.30408867]
Coefficients after iteration 6 are: [ 2.29254324  0.39643122 -0.69998797 -0.06810162  3.32600728  3.18837157
  1.53522347  0.52663299  0.01821409  0.45043463  1.33240206  0.03916756
  0.40854726  0.22030571  0.060748   -6.30408867]
