Central server contains 200 number of records
First node contains 5342 number of records
Second node contains 5343 number of records
Coefficients before iterations start are: [ 2.16358     0.22843066  0.36183711  0.86910588  3.50070821  3.00057885
  1.82560385  0.53803323  0.45747878  0.27306922  1.1601112  -0.11292471
  0.62010708  0.32833225  0.27338948 -6.33305999]
Coefficients after iteration 1 are: [ 1.83822411  0.53817478 -0.24819138  0.19935658  3.19350148  2.58244451
  1.96820344  0.51547162  0.53704     0.57575623  1.10023013  0.02134267
  0.98849278  0.54299027  0.83904822 -6.54196311]
Coefficients after iteration 2 are: [ 2.12983024  0.44313564 -0.07104255  0.32980632  3.14321521  2.78172671
  1.89264467  0.40054494  0.818106    0.24375812  1.1181583  -0.24160735
  0.74700275  0.39991366  0.70292823 -6.47364035]
Coefficients after iteration 3 are: [ 1.85079114  0.56945335 -0.19491987  0.32212373  3.22869495  2.69132379
  1.96006416  0.48079109  0.61300927  0.55595866  1.03439153 -0.03509676
  0.91228431  0.55506323  0.85404234 -6.57048121]
Coefficients after iteration 4 are: [ 2.11052379  0.45786393 -0.08909444  0.31085621  3.13690044  2.77291546
  1.88861269  0.40601484  0.81163967  0.2590983   1.10997838 -0.22695131
  0.75143975  0.40646428  0.72732914 -6.47770007]
Coefficients after iteration 5 are: [ 1.86247188  0.56511662 -0.19093332  0.32191145  3.2201744   2.69602275
  1.95227027  0.47620621  0.6297592   0.54135789  1.03614438 -0.04885714
  0.9012454   0.54591266  0.84552316 -6.56078219]
Coefficients after iteration 6 are: [ 2.09819782  0.46408249 -0.09550982  0.30982807  3.14262657  2.76715146
  1.8917515   0.41049074  0.80066214  0.27506794  1.1039233  -0.2137439
  0.75949009  0.41432477  0.73589251 -6.48354797]
Coefficients after iteration 7 are: [ 1.873946    0.55954248 -0.18499571  0.32158339  3.21441432  2.70053741
  1.94841959  0.47244344  0.64057299  0.52754977  1.04074682 -0.05957878
  0.89274635  0.53749572  0.83753938 -6.55382862]
Coefficients after iteration 8 are: [ 2.08644782  0.46961534 -0.10046059  0.31000246  3.14716874  2.76233062
  1.89475966  0.41399687  0.79155249  0.28949086  1.0991641  -0.20293434
  0.76726601  0.42212183  0.74278729 -6.48837328]
Coefficients after iteration 9 are: [ 1.88484407  0.5543526  -0.17980195  0.3211554   3.20965494  2.70422479
  1.94507891  0.46913477  0.6498503   0.5149301   1.04486499 -0.0686708
  0.88533352  0.53015592  0.83105604 -6.54832139]
Coefficients after iteration 10 are: [ 2.07526571  0.4745883  -0.10506168  0.31046319  3.15110887  2.75854519
  1.89765869  0.41717524  0.78345486  0.30258024  1.09532323 -0.19387647
  0.7741736   0.42887478  0.74844138 -6.49230122]
Coefficients after iteration 11 are: [ 1.89744274  0.54934134 -0.1733265   0.3186009   3.20800786  2.7099414
  1.94384947  0.46610361  0.65740705  0.503785    1.04749031 -0.0761021
  0.8777553   0.52313231  0.82511172 -6.54599117]
Coefficients after iteration 12 are: [ 2.06337582  0.47837005 -0.10983115  0.31215482  3.15377992  2.75439358
  1.89947484  0.42070389  0.77610217  0.31487816  1.09130885 -0.18585741
  0.78073983  0.43547936  0.7527119  -6.49389768]
Coefficients after iteration 13 are: [ 1.90756618  0.54492518 -0.16930454  0.31775691  3.20439058  2.71273114
  1.94098843  0.46363554  0.66456158  0.49297022  1.05032113 -0.08274462
  0.87195446  0.51720481  0.82010422 -6.54219174]
Coefficients after iteration 14 are: [ 2.05405686  0.48242793 -0.11337529  0.31229548  3.15673347  2.75180415
  1.9021382   0.42330363  0.76951374  0.32578207  1.08858238 -0.17916409
  0.78634155  0.44051724  0.75670382 -6.49680167]
Coefficients after iteration 15 are: [ 1.91592555  0.54114877 -0.16589638  0.31755772  3.20131577  2.71489753
  1.93850687  0.46119656  0.67118543  0.48323732  1.05276144 -0.0886542
  0.86679286  0.51246655  0.81620755 -6.53892941]
Coefficients after iteration 16 are: [ 2.04551489  0.48606907 -0.11665363  0.31279374  3.15929019  2.74928927
  1.90417169  0.42556443  0.76371991  0.3353886   1.08647799 -0.17347333
  0.79121875  0.44491255  0.76041815 -6.49914714]
Coefficients after iteration 17 are: [ 1.92340021  0.53788265 -0.16295063  0.31739131  3.19857527  2.71679978
  1.93632345  0.45902509  0.67701758  0.47454698  1.05493424 -0.09378923
  0.8622496   0.50835426  0.81278687 -6.53617284]
Coefficients after iteration 18 are: [ 2.03794519  0.4892578  -0.119538    0.31319928  3.16155451  2.7470939
  1.90598586  0.42755531  0.75863557  0.34389262  1.08462819 -0.16853151
  0.79553221  0.44877357  0.76367414 -6.50119332]
Coefficients after iteration 19 are: [ 1.93006434  0.5350077  -0.16036011  0.31724368  3.19617658  2.71849012
  1.93440962  0.45710676  0.68211198  0.46682706  1.05683621 -0.09829523
  0.85824434  0.50474563  0.80979181 -6.53381394]
Coefficients after iteration 20 are: [ 2.03123818  0.4920601  -0.12208086  0.31355704  3.16354588  2.74517171
  1.90758945  0.42931591  0.75415995  0.35140073  1.0830107  -0.16420912
  0.79934338  0.4521811   0.76653641 -6.50298568]
Coefficients after iteration 21 are: [ 1.93594205  0.5325119  -0.15812741  0.3170439   3.19423923  2.72025503
  1.93265798  0.45554084  0.68655183  0.46002316  1.05843684 -0.102245
  0.85488347  0.50154415  0.80694091 -6.53179319]
Coefficients after iteration 22 are: [ 2.02582635  0.49452151 -0.12408602  0.31354337  3.16532539  2.7438606
  1.90932437  0.43076407  0.75022976  0.35790567  1.08154184 -0.1603464
  0.80259521  0.45508431  0.76887192 -6.50485957]
Coefficients after iteration 23 are: [ 1.9411524   0.53028263 -0.15596375  0.31683068  3.19249521  2.72143841
  1.93117906  0.45408908  0.69037894  0.45414174  1.05986813 -0.10571791
  0.85187074  0.49884473  0.80478222 -6.53012478]
Coefficients after iteration 24 are: [ 2.02072701  0.49666549 -0.12602941  0.3138872   3.16681628  2.74241655
  1.91054189  0.43213028  0.74677312  0.36359268  1.08036789 -0.15708071
  0.80548103  0.45765872  0.77100294 -6.50622087]
Coefficients after iteration 25 are: [ 1.94564149  0.52833592 -0.15426303  0.31673027  3.19090767  2.72256167
  1.92992044  0.45278992  0.69379717  0.4489059   1.06112009 -0.1087302
  0.84917016  0.49644303  0.80283037 -6.5285846 ]
Coefficients after iteration 26 are: [ 2.00609442  0.49744941 -0.13475449  0.31944647  3.17046305  2.74381804
  1.9122766   0.43229315  0.74537534  0.36977174  1.07894597 -0.15473752
  0.80682083  0.45987855  0.77271321 -6.50174578]
Coefficients after iteration 27 are: [ 1.96162141  0.52725598 -0.14585509  0.31241948  3.18466603  2.71900494
  1.92625475  0.45129517  0.69538856  0.44024118  1.06314858 -0.11126683
  0.84707607  0.49496193  0.80150292 -6.53176944]
Coefficients after iteration 28 are: [ 1.99841077  0.50039999 -0.1370569   0.31880696  3.17341592  2.74334533
  1.91506789  0.43514957  0.74262706  0.37867613  1.07802036 -0.1524147
  0.81067288  0.46186453  0.77444729 -6.50348382]
Coefficients after iteration 29 are: [ 1.96608975  0.52483258 -0.1450018   0.3133657   3.1835519   2.72110135
  1.92475554  0.44942424  0.69941136  0.43260775  1.0639385  -0.11399949
  0.84350787  0.49248597  0.7994388  -6.52966788]
Coefficients after iteration 30 are: [ 1.99483375  0.50277855 -0.13774914  0.3182969   3.17429163  2.74136197
  1.9162518   0.43666332  0.73866192  0.38515265  1.07716048 -0.14943891
  0.81389763  0.46424646  0.77647082 -6.50564778]
Coefficients after iteration 31 are: [ 1.96901685  0.52267891 -0.14435037  0.31380305  3.18283788  2.72291675
  1.92385155  0.44812524  0.70314038  0.42733563  1.06488654 -0.11687509
  0.84074346  0.49013075  0.79756462 -6.52762739]
Coefficients after iteration 32 are: [ 1.99216868  0.50476162 -0.13837759  0.31794211  3.1749687   2.73967424
  1.91711014  0.43783958  0.7352129   0.38979752  1.07628967 -0.14659692
  0.81649262  0.46644773  0.77828611 -6.50759981]
Coefficients after iteration 33 are: [ 1.97128221  0.52090773 -0.14380235  0.31415123  3.18223486  2.72441548
  1.92315243  0.44709286  0.70625904  0.42342719  1.06579393 -0.11946418
  0.83848794  0.48804414  0.79593093 -6.52583675]
Coefficients after iteration 34 are: [ 1.98950947  0.50692982 -0.13941645  0.31763769  3.17547778  2.73872023
  1.91845146  0.43916911  0.73226697  0.39345574  1.07552997 -0.14445384
  0.81869798  0.46798377  0.77974779 -6.50936055]
Coefficients after iteration 35 are: [ 1.97397317  0.51905605 -0.14275884  0.31450969  3.18130947  2.72522771
  1.92217486  0.4457672   0.70957497  0.41941948  1.06619974 -0.12166741
  0.83611354  0.48613959  0.79518159 -6.52415528]
Coefficients after iteration 36 are: [ 1.98654099  0.50895549 -0.14037616  0.31704051  3.17641665  2.73760035
  1.91942073  0.44064149  0.72850059  0.39785473  1.07575618 -0.14246863
  0.82188795  0.47001138  0.78065728 -6.51165521]
Coefficients after iteration 37 are: [ 1.97590133  0.51757591 -0.14276568  0.3147922   3.18152614  2.72659503
  1.92181217  0.44503609  0.71253729  0.41605838  1.06697636 -0.12330142
  0.83442181  0.48446419  0.79386031 -6.52308077]
Coefficients after iteration 38 are: [ 1.98562611  0.50991509 -0.1404288   0.31713394  3.17680992  2.73640005
  1.91922859  0.4409496   0.72639348  0.40048627  1.07483408 -0.14048158
  0.82313692  0.47156554  0.78168003 -6.51265967]
Coefficients after iteration 39 are: [ 1.97717409  0.51649934 -0.14235138  0.31489944  3.18090537  2.72757056
  1.92157112  0.44457699  0.71426126  0.41386743  1.06777458 -0.12502371
  0.83307042  0.48307694  0.79272493 -6.52192142]
Coefficients after iteration 40 are: [ 1.98462611  0.51063387 -0.14049881  0.31693853  3.1771621   2.73523957
  1.91941715  0.44128354  0.72486108  0.40242871  1.07384065 -0.13864954
  0.82419089  0.47296448  0.78303164 -6.51358288]
Coefficients after iteration 41 are: [ 1.9786257   0.51526066 -0.14159894  0.31532234  3.18013828  2.7284429
  1.92068349  0.44364196  0.71616486  0.41161763  1.06846606 -0.12685878
  0.8312711   0.48165641  0.79148579 -6.52031429]
Coefficients after iteration 42 are: [ 1.982403    0.51198185 -0.14121059  0.31601423  3.17762828  2.73339426
  1.92126699  0.44270316  0.7218326   0.40541746  1.07442191 -0.13668142
  0.82690951  0.47495173  0.78515942 -6.51613475]
Coefficients after iteration 43 are: [ 1.98077855  0.51365179 -0.14107801  0.31619319  3.17977607  2.73036757
  1.91949449  0.44219911  0.71937673  0.40890308  1.0679942  -0.12909643
  0.82829617  0.47988324  0.78937486 -6.51764935]
Coefficients after iteration 44 are: [ 1.98124922  0.51326105 -0.14114359  0.31589916  3.17822463  2.73190884
  1.9205332   0.44307927  0.71994706  0.40708894  1.07309763 -0.1339419
  0.82854683  0.47688502  0.78683726 -6.51752385]
Coefficients after iteration 45 are: [ 1.98125793  0.51323279 -0.14106494  0.31601666  3.17925563  2.7311504
  1.92000457  0.4423528   0.72000262  0.40800232  1.07001707 -0.1311594
  0.82800537  0.47820307  0.78826904 -6.51724901]
Coefficients after iteration 46 are: [ 1.98116118  0.51316682 -0.14106765  0.31600986  3.17913463  2.73114867
  1.91998584  0.44235589  0.71999741  0.40797333  1.07003243 -0.13122923
  0.82795619  0.47813853  0.78816895 -6.51741513]
