Central server contains 7500 number of records
First node contains 1692 number of records
Second node contains 1693 number of records
Coefficients before iterations start are: [ 2.16358     0.22843066  0.36183711  0.86910588  3.50070821  3.00057885
  1.82560385  0.53803323  0.45747878  0.27306922  1.1601112  -0.11292471
  0.62010708  0.32833225  0.27338948 -6.33305999]
Coefficients after iteration 1 are: [ 2.1907256   0.22100965  0.36300135  1.04394974  3.65433311  2.99912116
  1.79145129  0.56646288  0.51883572  0.26218685  1.11433477 -0.10716615
  0.48876039  0.4082313   0.33869988 -6.40170149]
Coefficients after iteration 2 are: [ 2.17858068  0.21363556  0.3669593   1.04209798  3.66722891  2.99977461
  1.79684174  0.56615341  0.54174584  0.28400893  1.0986081  -0.1011767
  0.48654718  0.41193458  0.33552165 -6.39572016]
Coefficients after iteration 3 are: [ 2.17832297  0.21290491  0.36703244  1.04290763  3.66915292  2.9993423
  1.79604975  0.56602522  0.54364756  0.28377     1.09779849 -0.10157131
  0.48575838  0.41274166  0.33531276 -6.39506005]
Coefficients after iteration 4 are: [ 2.17699678  0.21275236  0.36719202  1.04441798  3.66972776  3.0002106
  1.79629671  0.56574214  0.54775376  0.28330644  1.09652312 -0.10192525
  0.48536889  0.41282369  0.3354867  -6.39455553]
Coefficients after iteration 5 are: [ 2.17699678  0.21275236  0.36719202  1.04441798  3.66972776  3.0002106
  1.79629671  0.56574214  0.54775376  0.28330644  1.09652312 -0.10192525
  0.48536889  0.41282369  0.3354867  -6.39455553]
