Central server contains 400 number of records
First node contains 5242 number of records
Second node contains 5243 number of records
Coefficients before iterations start are: [ 2.16358     0.22843066  0.36183711  0.86910588  3.50070821  3.00057885
  1.82560385  0.53803323  0.45747878  0.27306922  1.1601112  -0.11292471
  0.62010708  0.32833225  0.27338948 -6.33305999]
Coefficients after iteration 1 are: [ 1.01996376  0.14333771  1.2385742   1.04426564  3.76189403  3.23330532
  1.99529889  0.57217026 -0.04914568 -0.07968608  0.99574879  0.01761437
  0.5021777   0.26633068  0.12302113 -5.66573269]
Coefficients after iteration 2 are: [ 1.12226287  0.13062183  1.24833014  1.01987945  3.74325025  3.14825085
  2.0379029   0.53569148 -0.04472866 -0.02694254  0.94406723  0.09656699
  0.55375521  0.23561937  0.12416854 -5.73175022]
Coefficients after iteration 3 are: [ 1.04801047  0.12879064  1.24792258  1.03902156  3.75643629  3.17167704
  2.03115693  0.54210834 -0.07172985 -0.036094    0.95288222  0.08615536
  0.53541561  0.23326681  0.12975398 -5.68533512]
Coefficients after iteration 4 are: [ 1.0621104   0.12731592  1.25154947  1.033286    3.75392506  3.16125107
  2.036648    0.53777767 -0.06826418 -0.0334509   0.94525607  0.09082583
  0.54477922  0.23150788  0.12629097 -5.69442632]
Coefficients after iteration 5 are: [ 1.06192638  0.12746727  1.25099816  1.03377141  3.75522573  3.16262104
  2.03486011  0.53910798 -0.06827724 -0.03360502  0.94688104  0.09049847
  0.5415429   0.23175293  0.12852228 -5.69379749]
Coefficients after iteration 6 are: [ 1.06176113  0.12729664  1.25083185  1.03392312  3.75438089  3.16338256
  2.03492506  0.53897878 -0.06830366 -0.03361101  0.94687081  0.09069528
  0.54162958  0.23216514  0.12800283 -5.69387836]
Coefficients after iteration 7 are: [ 1.06176113  0.12729664  1.25083185  1.03392312  3.75438089  3.16338256
  2.03492506  0.53897878 -0.06830366 -0.03361101  0.94687081  0.09069528
  0.54162958  0.23216514  0.12800283 -5.69387836]
