Central server contains 1200 number of records
First node contains 4842 number of records
Second node contains 4843 number of records
Coefficients before iterations start are: [ 2.16358     0.22843066  0.36183711  0.86910588  3.50070821  3.00057885
  1.82560385  0.53803323  0.45747878  0.27306922  1.1601112  -0.11292471
  0.62010708  0.32833225  0.27338948 -6.33305999]
Coefficients after iteration 1 are: [ 1.99172526  0.21953173  0.37154803  0.85716653  3.36785292  2.96249143
  1.72256313  0.54340105  0.34760133  0.24468074  1.19180001 -0.24807656
  0.62938243  0.25754797  0.17047013 -6.03619329]
Coefficients after iteration 2 are: [ 1.98320458  0.21514209  0.36596088  0.86088187  3.37119987  2.94541718
  1.72887463  0.55754061  0.34191442  0.26807054  1.19650848 -0.21723665
  0.62895063  0.26051662  0.16797609 -6.03846622]
Coefficients after iteration 3 are: [ 1.98287809  0.2149732   0.36286644  0.85912771  3.36928994  2.9524104
  1.72753483  0.55690208  0.34686689  0.2647643   1.1968717  -0.22648637
  0.62817395  0.25930698  0.16842547 -6.03522184]
Coefficients after iteration 4 are: [ 1.98251229  0.2147926   0.36256809  0.85918572  3.37014672  2.95070287
  1.72765096  0.55731105  0.34660182  0.2649817   1.19667713 -0.22550924
  0.62749493  0.25959004  0.16808523 -6.03517979]
Coefficients after iteration 5 are: [ 1.98252155  0.21482515  0.3625107   0.85919914  3.37003661  2.95078571
  1.72761452  0.55739187  0.34658666  0.26503902  1.19661099 -0.22534752
  0.62776821  0.25956215  0.16817983 -6.0350619 ]
