Central server contains 800 number of records
First node contains 5042 number of records
Second node contains 5043 number of records
Coefficients before iterations start are: [ 2.16358     0.22843066  0.36183711  0.86910588  3.50070821  3.00057885
  1.82560385  0.53803323  0.45747878  0.27306922  1.1601112  -0.11292471
  0.62010708  0.32833225  0.27338948 -6.33305999]
Coefficients after iteration 1 are: [ 1.93258917  0.05537431  0.03173436  0.5091358   3.36748222  2.70198184
  1.5252882   0.46080225  0.76467305  0.28387356  1.24578307 -0.39183377
  0.5978816   0.14547837  0.32587341 -5.78024875]
Coefficients after iteration 2 are: [ 1.97324602  0.06923532  0.05518706  0.49524282  3.36150958  2.75487768
  1.52024767  0.46910613  0.73222115  0.23424297  1.30527633 -0.31065916
  0.57915295  0.1476518   0.3255323  -5.82511537]
Coefficients after iteration 3 are: [ 1.95971303  0.0634624   0.0569029   0.49478544  3.36853029  2.7508843
  1.52672353  0.46535143  0.73606167  0.24252453  1.30236143 -0.33782047
  0.58016295  0.1433243   0.3254102  -5.81426905]
Coefficients after iteration 4 are: [ 1.96064976  0.0638776   0.05697879  0.49350857  3.36729279  2.75330365
  1.5259666   0.46510258  0.73540319  0.24001726  1.30464517 -0.33010941
  0.57940902  0.14413719  0.32514431 -5.81504223]
Coefficients after iteration 5 are: [ 1.96059878  0.06381572  0.0569805   0.49348992  3.36728931  2.75324643
  1.52592216  0.46515082  0.73540232  0.24005011  1.30461487 -0.33019305
  0.57932097  0.14405669  0.32512171 -5.81518584]
