Central server contains 9400 number of records
First node contains 742 number of records
Second node contains 743 number of records
Coefficients before iterations start are: [ 2.16358     0.22843066  0.36183711  0.86910588  3.50070821  3.00057885
  1.82560385  0.53803323  0.45747878  0.27306922  1.1601112  -0.11292471
  0.62010708  0.32833225  0.27338948 -6.33305999]
Coefficients after iteration 1 are: [ 2.80867976  0.33016894 -0.32917897  0.3324643   3.04624332  2.67770809
  1.48151415  0.39365054  0.60476071 -0.16588963  1.05010388 -0.11601128
  0.47333399  0.11266731 -0.25991028 -5.96512046]
Coefficients after iteration 2 are: [ 2.83095     0.29682843 -0.35074451  0.34234116  3.09246588  2.64273089
  1.49336146  0.41167825  0.54979962 -0.24811866  0.98849764 -0.1187252
  0.4989436   0.09126606 -0.24162221 -5.97447242]
Coefficients after iteration 3 are: [ 2.84614512  0.29962749 -0.35125695  0.34553149  3.08669228  2.65577361
  1.48965603  0.40108384  0.55927932 -0.25597834  0.98726294 -0.12115452
  0.48952905  0.08621996 -0.25172583 -5.97286174]
Coefficients after iteration 4 are: [ 2.84819271  0.29852415 -0.35169229  0.34543315  3.08927205  2.65218636
  1.49135395  0.40409554  0.55686011 -0.25716159  0.98515241 -0.11923758
  0.49122259  0.08664127 -0.24992638 -5.97637257]
Coefficients after iteration 5 are: [ 2.8486367   0.29881428 -0.35172255  0.34549238  3.08856219  2.65305716
  1.49147004  0.4035198   0.55705195 -0.25717725  0.98521572 -0.1193762
  0.49146936  0.08673182 -0.25016865 -5.97646999]
Coefficients after iteration 6 are: [ 2.84860966  0.29876187 -0.35172769  0.34549238  3.08856969  2.65301313
  1.49144312  0.40346979  0.55705254 -0.25718877  0.98522723 -0.11941198
  0.4913547   0.08667682 -0.25020632 -5.97660294]
