Central server contains 700 number of records
First node contains 5092 number of records
Second node contains 5093 number of records
Coefficients before iterations start are: [ 2.16358     0.22843066  0.36183711  0.86910588  3.50070821  3.00057885
  1.82560385  0.53803323  0.45747878  0.27306922  1.1601112  -0.11292471
  0.62010708  0.32833225  0.27338948 -6.33305999]
Coefficients after iteration 1 are: [ 2.36153768  0.32275899  0.22600962  1.73370066  3.56574871  3.08901462
  2.00582589  0.51425674  0.26881413  0.64670248  1.25285419 -0.11957408
  0.62001265  0.1547067   0.13578546 -6.5525257 ]
Coefficients after iteration 2 are: [ 2.43534927  0.33745539  0.31941008  1.75554684  3.54823066  3.05169992
  1.99747196  0.52204742  0.20320486  0.62415622  1.23665105 -0.11683349
  0.64889105  0.1623536   0.14888285 -6.59865652]
Coefficients after iteration 3 are: [ 2.42620214  0.33540647  0.29213554  1.77309381  3.55805695  3.06488153
  2.00517895  0.51987516  0.18934871  0.63075764  1.23706082 -0.12176293
  0.64387272  0.15693969  0.14708367 -6.59749982]
Coefficients after iteration 4 are: [ 2.42756992  0.33575632  0.29451713  1.77342953  3.55688017  3.0607081
  2.0053583   0.52030967  0.1901435   0.62833662  1.23667439 -0.12061471
  0.64742623  0.15812967  0.14790102 -6.59891845]
Coefficients after iteration 5 are: [ 2.42756992  0.33575632  0.29451713  1.77342953  3.55688017  3.0607081
  2.0053583   0.52030967  0.1901435   0.62833662  1.23667439 -0.12061471
  0.64742623  0.15812967  0.14790102 -6.59891845]
