Central server contains 300 number of records
First node contains 5292 number of records
Second node contains 5293 number of records
Coefficients before iterations start are: [  0.02520859   0.30996402  15.93644915  16.07287924  17.28975688
  15.67845493  16.72624187   0.80765694   2.21364483   0.59329469
  -0.80976042   0.31356033   1.09989368   1.18208923   1.10099663
 -21.81646954]
Coefficients after iteration 1 are: [ 4.94272021e+00  1.90686837e+02  2.64934183e+04  2.60922070e+04
  2.64286177e+04  2.67111871e+04  2.64566691e+04 -1.69440785e+02
 -4.00473056e+02 -3.44782751e+02 -8.13007189e+02 -8.53417733e+02
 -1.67851606e+01 -1.37648565e+02 -1.76975701e+02 -2.67869709e+04]
Coefficients after iteration 2 are: [ 1.29009780e+00 -7.11866436e+01  2.65108241e+04  2.63155510e+04
  2.65184493e+04  2.65157290e+04  2.65154478e+04 -3.91537005e+01
 -3.05147904e+02 -2.13711041e+02 -6.40130203e+02 -7.01143384e+02
  1.44303894e+01  6.14166530e+01  9.71674945e+00 -2.66301559e+04]
Coefficients after iteration 3 are: [-4.57604879e-02 -1.26150143e+01  2.64897094e+04  2.65177147e+04
  2.65276232e+04  2.64796916e+04  2.65158208e+04  7.05529440e-01
 -2.06809934e+02 -7.82371655e+01 -4.61512831e+02 -5.43848979e+02
  1.63339327e+01 -9.28187364e+00 -1.36754426e+01 -2.65141144e+04]
Coefficients after iteration 4 are: [-1.96466887e-02 -3.90777835e-01  2.65042169e+04  2.64942698e+04
  2.65142762e+04  2.65096607e+04  2.65112809e+04  5.57380859e+00
 -1.85788058e+02 -4.92963598e+01 -4.23344964e+02 -5.10254913e+02
  4.57896389e+00  6.32108091e+00  2.74843087e+00 -2.65191933e+04]
Coefficients after iteration 5 are: [ 1.08731973e-01  6.76960067e+00  2.65068356e+04  2.65147681e+04
  2.65306835e+04  2.65040385e+04  2.65310295e+04  1.32849909e+00
  1.88374380e+01  6.47769294e+00 -2.16938949e+00 -1.27625059e+02
  1.19762980e+01  1.61897438e+01  1.74058332e+01 -2.65589848e+04]
Coefficients after iteration 6 are: [-8.06140269e-01 -2.46049737e+00  3.61617614e+04  3.60579320e+04
  3.62724752e+04  3.55857147e+04  3.63358395e+04 -8.03291055e+00
 -9.14701741e+01  8.99962818e+01  1.16763423e+01 -9.85229776e+00
  1.47363928e+02 -5.87161142e+01 -9.40431248e+01 -3.62775434e+04]
Coefficients after iteration 7 are: [ 4.91640009e-01  2.52095231e+01  3.61468540e+04  3.61351683e+04
  3.62090237e+04  3.56767720e+04  3.62075302e+04  2.66365956e+01
 -5.25091967e+01 -5.21015685e+01  1.78695204e+01  3.52262404e+01
  1.28423113e+02  5.99724720e+01 -3.64928815e+00 -3.63311594e+04]
Coefficients after iteration 8 are: [ 9.74591953e-02 -1.79726946e+01  3.61276116e+04  3.61785899e+04
  3.61929720e+04  3.58282533e+04  3.61897544e+04  2.31099878e+00
  9.62852063e+00 -2.59449857e+00 -2.29662963e+01 -1.20731503e+01
  6.31977174e+01  1.53488284e+01 -2.11741064e+00 -3.62146595e+04]
Coefficients after iteration 9 are: [ 7.35770602e-01 -1.09446275e+02  5.69877975e+04  5.75946729e+04
  5.79239349e+04  5.74995991e+04  5.79254269e+04  6.38168228e+01
  3.90117934e+02 -1.85475961e+03 -9.96872698e+02 -8.95105475e+01
  3.83884578e+02  1.66462867e+02  2.53681326e+02 -5.81869434e+04]
Coefficients after iteration 10 are: [ 1.64271905e+00  2.15707669e+01  5.71138552e+04  5.75524697e+04
  5.79528167e+04  5.75012064e+04  5.78760717e+04 -2.91683359e+01
  1.46123910e+02 -1.73568440e+03 -8.39627493e+02  8.89404491e+00
  3.22315326e+02  1.61480096e+02  1.36331548e+02 -5.81560209e+04]
