Central server contains 9600 number of records
First node contains 642 number of records
Second node contains 643 number of records
Coefficients before iterations start are: [ 0.02116026  0.25954478  0.21149605  0.68720318  3.47083193  2.84362233
  1.74268139  0.59364077  0.42134311  0.31606073  1.10281476 -0.08485698
  0.67096877  0.331316    0.25332457 -6.2460722 ]
Coefficients after iteration 1 are: [ 0.02446972  0.07985323  1.23314324  1.84131867  3.81215094  3.9566439
  2.38511987  0.26616007  0.60962571  0.03726287  1.43290118 -0.27421025
  0.35199353  0.31876794  0.37587564 -6.96684665]
Coefficients after iteration 2 are: [ 0.02384983  0.08913784  1.22307214  1.84221301  3.86484252  3.89052113
  2.4217331   0.24246933  0.57896462  0.09578633  1.42363779 -0.17606871
  0.41926787  0.33456153  0.38517402 -6.96369072]
Coefficients after iteration 3 are: [ 0.02431583  0.08491265  1.22129514  1.8479511   3.84898213  3.88270406
  2.42335456  0.26359538  0.5810502   0.10555696  1.45010496 -0.20425063
  0.4169412   0.33334202  0.38321008 -6.99084551]
Coefficients after iteration 4 are: [ 0.02432807  0.0841033   1.2204642   1.84787153  3.85127989  3.88282028
  2.42194696  0.26057241  0.58152208  0.10806988  1.45009607 -0.19748591
  0.42083744  0.33592899  0.38420285 -6.99386749]
Coefficients after iteration 5 are: [ 0.02432589  0.0841033   1.22046418  1.84787155  3.85127978  3.88282016
  2.42194718  0.26057246  0.58152211  0.10806992  1.45009608 -0.19748586
  0.42083728  0.33592898  0.38420291 -6.99386762]
