Central server contains 700 number of records
First node contains 5092 number of records
Second node contains 5093 number of records
Coefficients before iterations start are: [ 0.03020281  0.57153243 -7.8415665   3.2830855   3.93622904  3.49578765
  2.66172285  0.46937191 -0.41617799  1.4950065   1.5073796  -0.11632114
  0.64875262 -0.26299556 -0.17028742 -7.48115645]
Coefficients after iteration 1 are: [ 0.02548226  0.37600554  0.61223168  1.83162769  3.55335932  3.01263166
  2.01804259  0.54266257  0.06177044  0.55534847  1.20379792 -0.12527896
  0.72024446  0.18401161  0.17350707 -6.71636218]
Coefficients after iteration 2 are: [ 0.02437121  0.32654794  0.16705322  1.83548808  3.59997709  3.11059802
  2.04430488  0.5164133   0.19242153  0.64819252  1.23841441 -0.12582282
  0.63760452  0.14179652  0.14801653 -6.63505107]
Coefficients after iteration 3 are: [ 0.02446997  0.34436193  0.31956441  1.76353558  3.54459819  3.04171239
  2.00237989  0.51927996  0.1850357   0.62355772  1.23359132 -0.12363834
  0.65561628  0.1640107   0.15136408 -6.60937725]
Coefficients after iteration 4 are: [ 0.02432248  0.33145556  0.31185161  1.76535057  3.55358638  3.05663905
  2.00307872  0.52171403  0.18852474  0.63089075  1.23717485 -0.12093277
  0.64569185  0.15748667  0.14922947 -6.59688593]
Coefficients after iteration 5 are: [ 0.02431959  0.33145584  0.31185154  1.76535068  3.55358637  3.05663913
  2.00307861  0.52171398  0.18852477  0.63089073  1.23717484 -0.12093278
  0.64569196  0.15748671  0.14922939 -6.59688595]
