Central server contains 800 number of records
First node contains 5042 number of records
Second node contains 5043 number of records
Coefficients before iterations start are: [ 0.01547218 -0.40815249 -0.67815662 -0.30808773  3.28844322  2.14092361
  0.96990652  0.27321074  1.3844246   0.34949529  1.57983946 -1.28585483
  0.61923341 -0.34606757  0.48225396 -4.80767168]
Coefficients after iteration 1 are: [ 0.02059682  0.11218149  0.09487638  0.52969818  3.38212898  2.94937906
  1.53935746  0.50354902  0.71040898  0.07262178  1.44913086 -0.11501176
  0.50889848  0.16844145  0.31971796 -5.97361398]
Coefficients after iteration 2 are: [ 0.01924498  0.04614273  0.09060205  0.51442873  3.39538049  2.74312898
  1.55165505  0.45623366  0.72023162  0.26244288  1.28424475 -0.41111406
  0.58108093  0.12662713  0.320845   -5.78588025]
Coefficients after iteration 3 are: [ 0.01968278  0.06527394  0.07843461  0.50082058  3.36938794  2.76712299
  1.5260068   0.46576031  0.72700129  0.22287008  1.3066531  -0.30860561
  0.57696585  0.14605487  0.32345196 -5.8236379 ]
Coefficients after iteration 4 are: [ 0.01959874  0.06275282  0.07343185  0.49969242  3.37512221  2.75946978
  1.53202836  0.46674277  0.73275866  0.24355229  1.30292824 -0.3385878
  0.57845535  0.1427348   0.32667235 -5.82059252]
Coefficients after iteration 5 are: [ 0.01960638  0.06275294  0.07343175  0.49969242  3.37512204  2.75946984
  1.53202842  0.46674262  0.73275871  0.24355216  1.30292828 -0.33858745
  0.57845546  0.14273506  0.32667215 -5.82059243]
