Central server contains 2000 number of records
First node contains 4442 number of records
Second node contains 4443 number of records
Coefficients before iterations start are: [ 2.40060764e-02  8.04894574e-04 -1.14435846e+01  1.10105467e+00
  3.15482974e+00  2.36287130e+00  1.27106907e+00  5.20329297e-01
  5.38801723e-01  8.12930887e-01  1.51194748e+00 -4.13793022e-01
  7.10540797e-01  2.45131363e-01  2.70296831e-01 -6.04592989e+00]
Coefficients after iteration 1 are: [ 2.12426266e-02  1.17161453e+00 -3.09691475e+03  1.17666211e-02
  2.23240588e+00  5.09243196e+00  6.34039636e-01 -3.81937289e-01
 -3.48162927e+01 -4.82066608e+00  3.95678637e-01 -9.84322828e+00
  1.20308128e+00 -2.06641396e+00 -1.49036118e+00 -4.49347241e+00]
Coefficients after iteration 2 are: [ 3.19589637e-01  5.34374400e+00 -1.88087761e+04 -2.09951797e+01
  1.05913404e+01  3.26888409e-01 -1.84502808e+00 -7.75065331e+00
 -1.77646254e+02 -1.81004054e+01  1.10493196e+01 -1.57733058e+01
  2.22735223e+01  8.77793139e-01  4.71676896e+00 -4.55085723e+01]
Coefficients after iteration 3 are: [ 3.93135947e-02 -2.89871623e-01 -2.03672125e+04  6.75762910e+00
  1.03770621e+01  7.21139805e+00  8.59076451e+00  7.29241138e-01
  1.64760422e+00  2.95115419e+00  3.25308565e+00  1.60934444e+00
  3.51052542e+00 -1.02201629e+00 -3.05372003e-02 -1.54819895e+01]
Coefficients after iteration 4 are: [ 2.37380474e-02 -3.07798795e-02 -2.03683607e+04  1.04458758e+00
  3.33390924e+00  2.53611204e+00  1.30289496e+00  5.72219779e-01
  5.94785267e-01  7.74667009e-01  1.65299015e+00 -3.62126576e-01
  7.48424252e-01  2.96164647e-01  2.54190083e-01 -6.21789099e+00]
Coefficients after iteration 5 are: [ 2.36452913e-02 -2.81483070e-02 -2.03683708e+04  1.05144181e+00
  3.33612464e+00  2.53417809e+00  1.29898025e+00  5.66329965e-01
  5.96797480e-01  7.73036366e-01  1.65315997e+00 -3.74431783e-01
  7.55280408e-01  2.76288730e-01  2.65954568e-01 -6.21177999e+00]
