Central server contains 600 number of records
First node contains 5142 number of records
Second node contains 5143 number of records
Coefficients before iterations start are: [ 0.02956118  0.71784293  1.94805092  1.52686461  4.59917608  3.18637195
  2.76555732  0.59399847 -0.91989549 -0.28155643  0.91838381 -0.33104681
  0.82071808  0.31614415 -0.10335088 -7.57575802]
Coefficients after iteration 1 are: [ 0.02524716  0.27969278  1.04773273  1.05486388  3.6938271   3.22767022
  2.10416064  0.6567072   0.07140984  0.43555674  1.07392768 -0.20367543
  0.6792245   0.35944944  0.24443511 -6.76952117]
Coefficients after iteration 2 are: [ 0.02367438  0.39106393  0.99830233  1.09562628  3.83316657  3.00869653
  2.14794567  0.56895465  0.10994696  0.05350444  1.07494343 -0.17249756
  0.69880961  0.34019884  0.14692436 -6.70294218]
Coefficients after iteration 3 are: [ 0.0241775   0.32585582  0.97274781  1.06953542  3.77710403  3.13421006
  2.09970491  0.57596838  0.0972066   0.22088394  1.07012239 -0.20158934
  0.67763227  0.34218702  0.20019875 -6.69105571]
Coefficients after iteration 4 are: [ 0.0240355   0.36666799  0.97052534  1.07483826  3.79338532  3.08547362
  2.10084208  0.56958227  0.10089911  0.17521791  1.07937081 -0.18691145
  0.67086901  0.32911563  0.17121497 -6.68871386]
Coefficients after iteration 5 are: [ 0.02407566  0.34525936  0.96606933  1.07068664  3.78045219  3.09349677
  2.09996231  0.57419236  0.10096679  0.17834293  1.07620705 -0.18697739
  0.67933291  0.33257288  0.18181767 -6.6832796 ]
Coefficients after iteration 6 are: [ 0.02411551  0.3533947   0.95162989  1.06010037  3.76849056  3.07239333
  2.09090145  0.56977973  0.10337545  0.16836958  1.07281469 -0.18919683
  0.67897833  0.32791173  0.17512231 -6.67204419]
Coefficients after iteration 7 are: [ 0.02412682  0.35339444  0.95162974  1.06010017  3.76849072  3.07239361
  2.09090121  0.56977994  0.1033754   0.16836988  1.07281484 -0.1891968
  0.6789786   0.32791206  0.17512268 -6.67204372]
