Central server contains 500 number of records
First node contains 5192 number of records
Second node contains 5193 number of records
Coefficients before iterations start are: [  0.03489098   0.59123231  -7.66164158   1.79411228   3.39101836
   3.05734993   2.43151844   0.54904933 -21.99919146  -0.16234462
   1.32461453  -0.75504492   0.4381047   -0.34156075   0.1658755
  -7.28234013]
Coefficients after iteration 1 are: [-1.08043440e+01  1.51874011e+02 -2.61256684e+05  8.97583362e+04
  9.26701150e+04  9.63712111e+04  9.22705077e+04 -2.01840404e+02
 -2.40292940e+05 -3.09622608e+03 -1.08129813e+03 -1.27852131e+04
 -3.89901747e+03  3.21952270e+01  2.66257914e+02 -9.20035205e+04]
Coefficients after iteration 2 are: [ 1.89214391e+00  4.95306816e+01 -2.61263452e+05  8.98031058e+04
  9.26779049e+04  9.62050888e+04  9.20812094e+04 -2.13793497e+02
 -2.40299096e+05 -3.04420760e+03 -8.55419341e+02 -1.27370313e+04
 -3.82196536e+03 -3.08030177e+01 -1.37872973e+01 -9.22979076e+04]
Coefficients after iteration 3 are: [ 6.59839177e+00 -2.43313284e+01 -2.61283779e+05  8.99392268e+04
  9.23292017e+04  9.58354336e+04  9.23344121e+04 -2.62085015e+02
 -2.40317995e+05 -2.88604021e+03 -1.70118859e+02 -1.25903504e+04
 -3.45301997e+03 -2.13229714e+02  2.43803664e+01 -9.26015772e+04]
Coefficients after iteration 4 are: [ 7.59801290e-01  8.27304888e+01 -2.61306218e+05  9.00870270e+04
  9.24958278e+04  9.55095380e+04  9.22894653e+04  1.25922337e+02
 -2.40338227e+05 -2.71369108e+03  2.11968235e+02 -1.24315214e+04
 -2.97377641e+03  1.87214433e+01  8.18357336e-01 -9.26280536e+04]
Coefficients after iteration 5 are: [-4.06736776e+00 -4.27794953e+01 -2.61442584e+05  9.09965606e+04
  9.31486345e+04  9.32231741e+04  9.27211295e+04 -1.07613692e+03
 -2.40464405e+05 -1.65687863e+03 -3.73044042e+02 -1.14530132e+04
 -3.30032377e+02 -6.60999442e+01  2.41434587e+02 -9.27550216e+04]
Coefficients after iteration 6 are: [ 7.58220162e+00  1.09902678e+02 -2.61480356e+05  9.12533634e+04
  9.27807913e+04  9.27812805e+04  9.26967209e+04  4.52647627e+01
 -2.40499118e+05 -1.35866180e+03  8.72360270e+01 -1.11765527e+04
 -6.15272119e-01 -6.19704357e+01 -1.13953435e+02 -9.32858256e+04]
Coefficients after iteration 7 are: [-1.32673519e-03  2.23284165e+00 -2.61508406e+05  9.14408745e+04
  9.28333127e+04  9.28262377e+04  9.28293507e+04 -2.31879227e-01
 -2.40524838e+05 -1.14070169e+03 -7.25972400e+00 -1.09747554e+04
  6.04582783e+00 -1.96227553e+00  7.37635060e-01 -9.28337967e+04]
Coefficients after iteration 8 are: [-4.61300970e-02 -3.72755168e+00 -2.61606283e+05  9.20957459e+04
  9.25357371e+04  9.28583937e+04  9.25346150e+04  2.62542274e+01
 -2.40614584e+05 -3.79510711e+02  1.15592913e+01 -1.02699926e+04
 -2.87237442e+02  5.67973352e+01  6.49977960e+01 -9.26204011e+04]
Coefficients after iteration 9 are: [ 9.78122835e-01  8.55193875e+00 -2.61625001e+05  9.22218153e+04
  9.25779507e+04  9.25755254e+04  9.25884002e+04  2.93309076e+00
 -2.40631843e+05 -2.33136079e+02  3.69025067e+01 -1.01342407e+04
  2.31698270e+01 -1.43146484e+01 -2.38505043e+01 -9.26577798e+04]
Coefficients after iteration 10 are: [ 1.49586491e-03  3.01416175e+00 -2.61631934e+05  9.22678437e+04
  9.25871121e+04  9.25837369e+04  9.25854196e+04  3.11821676e-01
 -2.40638194e+05 -1.79713636e+02  2.46208677e+00 -1.00847704e+04
  3.89109363e+00 -1.89926707e+00 -1.88536175e+00 -9.25889692e+04]
