Central server contains 200 number of records
First node contains 5342 number of records
Second node contains 5343 number of records
Coefficients before iterations start are: [  0.01157278   1.42887061 -10.75625144  -9.87023972   2.65781336
   1.63119835   2.4933942    0.62956917   0.80997481   1.49485799
   1.11561162   0.53883354   2.20919341   1.40026691   2.37811639
  -7.9853766 ]
Coefficients after iteration 1 are: [ 0.03475955  0.02490884  0.87922817  1.12845872  3.59286431  4.08511929
  2.16745326 -0.03146066  1.51879267 -0.98324257  1.20435598 -1.87731846
 -0.02444467 -0.04698736  0.33380232 -7.07899934]
Coefficients after iteration 2 are: [ 0.01077086  0.96646261 -0.7700705   0.29981431  3.55119811  2.53278264
  2.214269    0.74980618 -0.28334184  1.29215578  0.82621     0.51848652
  1.44098232  1.06626404  1.35560429 -7.07476138]
Coefficients after iteration 3 are: [ 0.03015887  0.10938017  0.19853488  0.31010502  2.99000768  3.13449727
  1.74075286  0.1793893   1.26737969 -0.75711464  1.33344536 -0.99858485
  0.28366068 -0.02639562  0.40239066 -6.42845321]
Coefficients after iteration 4 are: [ 0.01306035  0.86316847 -0.45696787  0.28881731  3.47638655  2.54070415
  2.14024004  0.67751306  0.02000935  1.13592743  0.8433427   0.38817334
  1.31183359  0.94272498  1.19083109 -6.93287722]
Coefficients after iteration 5 are: [ 0.02756239  0.19389589  0.13513714  0.33169511  3.01047754  3.02551584
  1.7823488   0.2392364   1.16594363 -0.48350543  1.29171664 -0.76469242
  0.40569717  0.08280665  0.48124586 -6.41013268]
Coefficients after iteration 6 are: [ 0.0142301   0.79418377 -0.40524725  0.30411645  3.41469169  2.56377295
  2.09338523  0.6226811   0.17667796  1.02910979  0.88560327  0.28876292
  1.22176061  0.85432414  1.11280185 -6.83330862]
Coefficients after iteration 7 are: [ 0.0261887   0.25292094  0.09293637  0.32762952  3.02985577  2.96300803
  1.79856103  0.27230059  1.09933685 -0.32394949  1.25351933 -0.62912207
  0.47522212  0.14621084  0.53069603 -6.41140413]
Coefficients after iteration 8 are: [ 0.01450083  0.75243224 -0.28425427  0.28969579  3.3451407   2.58404093
  2.05002987  0.60867851  0.28535025  0.95225177  0.93401401  0.20916552
  1.16178524  0.79003794  1.04709542 -6.72663675]
Coefficients after iteration 9 are: [ 0.02590196  0.29847286 -0.07301339  0.35573356  3.09104906  2.96169549
  1.8424843   0.28806144  1.05081147 -0.24900488  1.19897896 -0.50131287
  0.51636559  0.20487024  0.57062165 -6.4888854 ]
Coefficients after iteration 10 are: [ 0.0149245   0.71926306 -0.26995042  0.29422798  3.32144855  2.6021129
  2.02465628  0.58036724  0.36784368  0.89498475  0.95849736  0.1487768
  1.11622133  0.72806234  0.9986206  -6.66463965]
Coefficients after iteration 11 are: [ 0.02500563  0.32808108 -0.0738274   0.3480201   3.10186677  2.90841986
  1.84989624  0.3045836   1.00037979 -0.16230508  1.16143157 -0.42155367
  0.56239761  0.24932813  0.60861496 -6.48271837]
Coefficients after iteration 12 are: [ 0.01558611  0.68573234 -0.28011432  0.30367249  3.29753909  2.61557117
  2.01703315  0.56172522  0.41458487  0.84585833  0.9760077   0.10564092
  1.07586369  0.68891025  0.96565253 -6.63812407]
Coefficients after iteration 13 are: [ 2.39973680e-02  3.53242769e-01 -4.37756647e-03  3.25588445e-01
  3.08863867e+00  2.86594290e+00  1.84284708e+00  3.30318935e-01
  9.62057954e-01 -7.10244162e-02  1.16430841e+00 -3.95124927e-01
  6.05407620e-01  2.87167003e-01  6.39138733e-01 -6.46113865e+00]
Coefficients after iteration 14 are: [ 0.01634645  0.66093723 -0.25974263  0.30740202  3.28797202  2.63069976
  2.0053816   0.5445797   0.45599233  0.78881916  0.98587746  0.09282636
  1.03967674  0.66210488  0.94044319 -6.6335639 ]
Coefficients after iteration 15 are: [ 0.02363313  0.37517078 -0.09036882  0.33889362  3.11353513  2.85722632
  1.86352218  0.33956236  0.93475095 -0.01150858  1.13990522 -0.35298743
  0.63079606  0.30538602  0.6470599  -6.47866734]
Coefficients after iteration 16 are: [ 0.0164911   0.64157092 -0.16390328  0.29961649  3.24547421  2.62521938
  1.97427843  0.51882922  0.50224326  0.76729436  0.99644299  0.02719127
  1.01502394  0.62230363  0.8986568  -6.5632727 ]
Coefficients after iteration 17 are: [ 0.0232891   0.3952742  -0.08955265  0.32882114  3.12818905  2.83664148
  1.87342983  0.35547814  0.89676817  0.02218073  1.12267843 -0.2936179
  0.65724568  0.33881101  0.6821662  -6.50375952]
Coefficients after iteration 18 are: [ 0.01674723  0.62327832 -0.15434962  0.30772198  3.2350893   2.64669878
  1.9704567   0.50964452  0.53994624  0.73353815  1.01323727 -0.00989948
  0.98895534  0.59472704  0.87308898 -6.54202203]
Coefficients after iteration 19 are: [ 0.02285566  0.41022878 -0.11377547  0.32485171  3.14090932  2.8255144
  1.8809224   0.37723324  0.86952336  0.06227221  1.11941159 -0.24628725
  0.67848365  0.37048999  0.71525384 -6.52267694]
Coefficients after iteration 20 are: [ 0.01712328  0.60888845 -0.19986069  0.31117243  3.2302981   2.66372648
  1.96919478  0.51250895  0.56853786  0.69294497  1.03053133 -0.01428924
  0.96551851  0.5836035   0.86803623 -6.5487939 ]
Coefficients after iteration 21 are: [ 0.02242689  0.42283577 -0.1270302   0.32358456  3.14235991  2.80849895
  1.88361905  0.38297685  0.85508774  0.11200588  1.10810641 -0.23949354
  0.69720437  0.38459252  0.7223844  -6.51333705]
Coefficients after iteration 22 are: [ 0.01746066  0.59591151 -0.15916266  0.31027397  3.21525823  2.66806825
  1.95607261  0.49336703  0.58882322  0.66247534  1.03371023 -0.04829302
  0.94745336  0.56115651  0.84699128 -6.5275776 ]
Coefficients after iteration 23 are: [ 0.02210706  0.43690964 -0.12573485  0.31988887  3.15011513  2.79604035
  1.88887345  0.39394764  0.83219702  0.14812435  1.10306344 -0.20974931
  0.71725098  0.40228065  0.73779179 -6.522756  ]
Coefficients after iteration 24 are: [ 0.01764605  0.57900863 -0.15993177  0.31299684  3.21129918  2.68332792
  1.95201597  0.4925168   0.61240499  0.62659433  1.04418421 -0.0617483
  0.92948825  0.5510983   0.83942406 -6.51963336]
Coefficients after iteration 25 are: [ 0.02204114  0.45386464 -0.13664427  0.31824274  3.14352155  2.78339229
  1.89228058  0.40672679  0.80584341  0.20360988  1.11079858 -0.18971177
  0.74147641  0.4197985   0.73731508 -6.54463994]
Coefficients after iteration 26 are: [ 0.01805187  0.56604696 -0.15600132  0.30929024  3.21194623  2.68654382
  1.94682417  0.47999741  0.64086928  0.59359266  1.0446756  -0.07847515
  0.91302695  0.53590693  0.83085437 -6.51847782]
Coefficients after iteration 27 are: [ 0.02151912  0.46175482 -0.13094574  0.3207564   3.15364927  2.77656912
  1.89582372  0.40776919  0.79387931  0.22208596  1.09677749 -0.18267844
  0.74946346  0.42483619  0.75068808 -6.52458642]
Coefficients after iteration 28 are: [ 0.01835116  0.55902667 -0.15395906  0.31237328  3.20292035  2.69248545
  1.94308411  0.4760318   0.64676221  0.57079774  1.05401515 -0.08556273
  0.89982629  0.52497617  0.8232862  -6.52012304]
Coefficients after iteration 29 are: [ 0.02159472  0.48886425 -0.14313225  0.31646814  3.13544627  2.76498036
  1.90652982  0.42138265  0.77519566  0.27127889  1.10636532 -0.16837261
  0.76822781  0.43376623  0.75148604 -6.55229651]
Coefficients after iteration 30 are: [ 0.0185641   0.54604408 -0.1646568   0.30550966  3.20794039  2.69798762
  1.93650862  0.47253036  0.67623801  0.53437757  1.04975795 -0.09161509
  0.88663344  0.52116115  0.82736406 -6.52031498]
Coefficients after iteration 31 are: [ 0.02101193  0.48004959 -0.13924489  0.32086662  3.154764    2.76215076
  1.90234163  0.41872566  0.76761542  0.28425379  1.09363011 -0.16913276
  0.77137594  0.43961306  0.75774713 -6.51993066]
Coefficients after iteration 32 are: [ 0.01875409  0.54548524 -0.15058091  0.31079361  3.19687409  2.70251908
  1.93514698  0.46421027  0.67319224  0.51970616  1.05276495 -0.10043037
  0.87935349  0.51321209  0.81358733 -6.51629443]
Coefficients after iteration 33 are: [ 0.02077418  0.48491479 -0.13715094  0.31771391  3.16240753  2.75818976
  1.90523558  0.42400991  0.76314459  0.30179793  1.08704661 -0.1605345
  0.78337198  0.44857706  0.76519864 -6.5207026 ]
Coefficients after iteration 34 are: [ 0.01875382  0.52803667 -0.14199413  0.31494316  3.20749881  2.71068929
  1.92868566  0.45412132  0.6871396   0.48765694  1.04783394 -0.11050922
  0.86390968  0.50429184  0.81198865 -6.49832187]
Coefficients after iteration 35 are: [ 0.02061774  0.49454064 -0.13015646  0.32252868  3.1598444   2.75281952
  1.90974058  0.42407487  0.74544098  0.32573603  1.08513436 -0.15592815
  0.79241025  0.45082839  0.76257897 -6.5185343 ]
Coefficients after iteration 36 are: [ 0.01878869  0.53092737 -0.13191637  0.31867293  3.20236742  2.73491295
  1.92390804  0.45065518  0.7181374   0.41305445  1.05051777 -0.1303557
  0.83282318  0.5061512   0.7993802  -6.48138865]
Coefficients after iteration 37 are: [ 0.02026406  0.50846352 -0.13325931  0.3176718   3.17039354  2.73260993
  1.91864254  0.43204538  0.7220469   0.39406524  1.08056832 -0.14228571
  0.81475766  0.46085104  0.78152745 -6.52639464]
Coefficients after iteration 38 are: [ 0.0197662   0.51914557 -0.13359192  0.31756756  3.17934182  2.73951128
  1.91345277  0.44034531  0.721458    0.40002704  1.07362086 -0.13691606
  0.83008294  0.47907119  0.78190121 -6.51511373]
Coefficients after iteration 39 are: [ 0.01977137  0.51914483 -0.13359197  0.31756754  3.17934144  2.73951045
  1.91345412  0.44034547  0.7214579   0.40002724  1.07362055 -0.13691584
  0.83008181  0.4790707   0.78190216 -6.51511364]
