Central server contains 1500 number of records
First node contains 4692 number of records
Second node contains 4693 number of records
Coefficients before iterations start are: [ 0.03225905  0.10880826  0.96433871  1.4511976   3.30551388  3.85102249
  1.97798387  0.52675268 -0.05475807  0.18556296  1.18365592 -0.17435422
  0.32339422  0.49936994  0.20655962 -7.09815559]
Coefficients after iteration 1 are: [ 0.02490945  0.16595754  0.4196872   0.9223295   3.49929286  3.20116976
  1.85352166  0.55531308  0.40631817  0.15650242  1.16354419 -0.11783649
  0.57477552  0.33892482  0.25991722 -6.53493789]
Coefficients after iteration 2 are: [ 0.02423809  0.200463    0.44790879  0.98399953  3.45329657  3.19222649
  1.83872468  0.52399906  0.37614397  0.2373785   1.13930435 -0.12717887
  0.54238497  0.3707935   0.27324219 -6.49826153]
Coefficients after iteration 3 are: [ 0.02416957  0.19181703  0.45245213  0.98251109  3.46301639  3.18850877
  1.83862985  0.53511088  0.37170109  0.23145974  1.15411706 -0.12932419
  0.55128992  0.36714516  0.26310311 -6.49235692]
Coefficients after iteration 4 are: [ 0.02405518  0.19281345  0.46775677  0.98260484  3.45804514  3.18563906
  1.84605359  0.53543596  0.36457652  0.22913316  1.15548282 -0.12412399
  0.55614769  0.3579344   0.25860654 -6.48370393]
Coefficients after iteration 5 are: [ 0.02405359  0.19281349  0.46775683  0.98260485  3.45804513  3.18563909
  1.84605356  0.53543596  0.36457652  0.22913317  1.15548281 -0.12412406
  0.55614766  0.35793443  0.25860656 -6.48370394]
