Central server contains 5900 number of records
First node contains 2492 number of records
Second node contains 2493 number of records
Coefficients before iterations start are: [ 0.01705689  0.2419527   0.1422614   0.82185959  3.47082524  2.93662699
  1.75955723  0.68644211  0.47539287  0.13614534  1.09810082 -0.12671783
  0.53955415  0.22777199  0.17745333 -5.94159882]
Coefficients after iteration 1 are: [ 0.0239123   0.22153215  0.41421139  0.8451963   3.50049724  2.99455558
  1.84078403  0.47027215  0.47313819  0.3364673   1.2305192  -0.11288051
  0.683292    0.37672966  0.32426681 -6.51831762]
Coefficients after iteration 2 are: [ 0.02386414  0.23075145  0.41983786  0.8612383   3.49259778  3.00607972
  1.83314799  0.4756052   0.47060986  0.34549126  1.16736895 -0.1026237
  0.65123422  0.38144059  0.32204265 -6.51179083]
Coefficients after iteration 3 are: [ 0.0238551   0.22636475  0.420787    0.86244455  3.49970927  3.00659783
  1.83233811  0.47035153  0.46809017  0.34285812  1.17766083 -0.10618708
  0.6526525   0.38061825  0.32339389 -6.50979084]
Coefficients after iteration 4 are: [ 0.02374735  0.22780611  0.42729459  0.87169812  3.4995439   3.01735637
  1.83934166  0.46687781  0.45985476  0.33692078  1.18185359 -0.11193982
  0.65152333  0.37982026  0.32080228 -6.50527131]
Coefficients after iteration 5 are: [ 0.02374544  0.22780597  0.42729466  0.87169817  3.49954394  3.01735631
  1.8393417   0.46687782  0.45985472  0.33692077  1.18185346 -0.11193978
  0.65152324  0.3798202   0.32080231 -6.50527141]
