Central server contains 300 number of records
First node contains 5292 number of records
Second node contains 5293 number of records
Coefficients before iterations start are: [  0.02520859   0.30996402  15.93644915  16.07287924  17.28975688
  15.67845493  16.72624187   0.80765694   2.21364483   0.59329469
  -0.80976042   0.31356033   1.09989368   1.18208923   1.10099663
 -21.81646954]
Coefficients after iteration 1 are: [ 0.02119194  0.25937896  1.69410849  1.85527028  3.85133189  2.87494614
  2.60086007  0.52653113  0.82120169  0.44092747  0.95596651 -0.16738201
  1.33521543  0.37427672 -0.06410651 -6.99867583]
Coefficients after iteration 2 are: [ 0.02014286  0.230042    1.66647427  1.82129278  3.72116466  3.00053012
  2.54844462  0.60312026  1.28752579  0.490136    0.67103619 -0.05254802
  0.81620609  0.5421099   0.39067626 -6.94889114]
Coefficients after iteration 3 are: [ 0.02120836  0.23813795  1.56230197  1.81212095  3.81396705  2.90257728
  2.54640236  0.57440854  1.02552095  0.38289728  0.78674049 -0.0148165
  1.00142274  0.48039565  0.28824224 -6.99846076]
Coefficients after iteration 4 are: [ 0.0210272   0.24401012  1.58921671  1.77508975  3.75284033  2.99368091
  2.50465889  0.58115447  1.15906275  0.44720521  0.74840266 -0.04797188
  0.86016793  0.50273219  0.3274734  -6.95297966]
Coefficients after iteration 5 are: [ 0.02103108  0.23765972  1.56581874  1.78206778  3.77894265  2.93567767
  2.51819108  0.58512316  1.10421469  0.39716461  0.77721923 -0.0196627
  0.93276658  0.48467655  0.31401147 -6.96322797]
Coefficients after iteration 6 are: [ 0.02104977  0.23946979  1.56720206  1.7785878   3.7614913   2.9552986
  2.50581056  0.58404285  1.11266137  0.42423616  0.75287484 -0.03577444
  0.89600837  0.50220707  0.3280673  -6.9568879 ]
Coefficients after iteration 7 are: [ 0.02106419  0.23971766  1.56609066  1.77697875  3.76655857  2.95438605
  2.50149397  0.58155115  1.11210027  0.42204792  0.75777466 -0.0348995
  0.90249919  0.49866096  0.32662964 -6.95690409]
Coefficients after iteration 8 are: [ 0.02104817  0.23950908  1.56392923  1.77514355  3.76385767  2.94967934
  2.50568439  0.58328545  1.11096603  0.41748611  0.76127036 -0.03267799
  0.90449109  0.49460488  0.32528741 -6.95478165]
Coefficients after iteration 9 are: [ 0.02104771  0.23950907  1.56392919  1.77514353  3.76385764  2.94967928
  2.5056843   0.58328545  1.11096604  0.41748609  0.76127035 -0.03267799
  0.90449117  0.49460509  0.32528714 -6.95478162]
