Central server contains 1300 number of records
First node contains 4792 number of records
Second node contains 4793 number of records
Coefficients before iterations start are: [ 0.01267071  0.31318895 -0.64385614  0.5881597   2.78347915  2.69132795
  1.5534086   0.35288413 -0.02088551  0.61999686  1.03435758 -0.00676443
  0.56733502  0.32154736 -0.01581456 -5.19008823]
Coefficients after iteration 1 are: [ 0.01859039  0.27906002 -0.02960305  0.67545048  3.22447726  2.84890395
  1.68654666  0.49623642  0.49110968  0.35955422  1.19001785 -0.06055214
  0.63488246  0.36635153  0.19982019 -5.9657623 ]
Coefficients after iteration 2 are: [ 0.01906612  0.25106994  0.02551763  0.73199473  3.24383337  2.85298866
  1.70204566  0.48632501  0.3133156   0.38924612  1.13464733 -0.07716078
  0.62023609  0.32957714  0.19802231 -5.96676442]
Coefficients after iteration 3 are: [ 0.01904041  0.25734361  0.02939327  0.73091771  3.25350642  2.85248527
  1.70345626  0.48875227  0.32391598  0.37892021  1.13830331 -0.08188072
  0.61511128  0.3359029   0.1931449  -5.96733268]
Coefficients after iteration 4 are: [ 0.01897845  0.2599099   0.06177732  0.73511056  3.26976254  2.87847528
  1.71835885  0.48528924  0.38051623  0.35927039  1.13264974 -0.08448907
  0.61463304  0.33812668  0.2024295  -5.98394315]
Coefficients after iteration 5 are: [ 0.01897636  0.25990958  0.06177741  0.73511068  3.26976251  2.87847517
  1.71835884  0.48528932  0.38051604  0.35927045  1.13264979 -0.08448906
  0.61463294  0.33812655  0.2024293  -5.98394337]
