Central server contains 1000 number of records
First node contains 4942 number of records
Second node contains 4943 number of records
Coefficients before iterations start are: [ 0.02706811  0.48143469  0.55203743  0.87484983  3.57295317  3.52158012
  1.63803285  0.48411725  0.86647108 -0.0698452   0.92925961  0.50459433
  0.11456098  0.28407228  0.01423281 -6.37069344]
Coefficients after iteration 1 are: [ 0.02313799  0.22700608  0.56348271  0.90538948  3.47290261  3.2074633
  1.844044    0.53939869  0.44446743  0.2112925   1.12328472  0.04358158
  0.55565479  0.30433855  0.23582299 -6.38853704]
Coefficients after iteration 2 are: [ 0.02338945  0.29593941  0.49627598  0.89282472  3.54974446  3.1988946
  1.79520296  0.5141783   0.57767724  0.16367101  1.08398222  0.07417582
  0.46295028  0.29998237  0.19406601 -6.35833669]
Coefficients after iteration 3 are: [ 0.02310725  0.27362816  0.49296029  0.89728311  3.51986771  3.18319239
  1.81152431  0.52298862  0.55776174  0.17566101  1.09992479  0.07026914
  0.49059348  0.31374839  0.20745872 -6.35781733]
Coefficients after iteration 4 are: [ 0.02312666  0.28333303  0.49159665  0.89698017  3.52646041  3.17953896
  1.80340067  0.51998611  0.55609261  0.17838214  1.10062428  0.07079238
  0.49160053  0.31008836  0.20746896 -6.35802772]
Coefficients after iteration 5 are: [ 0.02319173  0.28320281  0.49026674  0.8964775   3.52028598  3.17827967
  1.80426043  0.52003654  0.55480717  0.17933005  1.09857981  0.07219271
  0.49030592  0.30935003  0.2053137  -6.3590576 ]
Coefficients after iteration 6 are: [ 0.02319669  0.2832029   0.49026663  0.89647744  3.52028612  3.17827954
  1.80426019  0.52003651  0.55480708  0.17933015  1.09857985  0.07219274
  0.49030601  0.30935002  0.20531371 -6.35905749]
