Central server contains 5300 number of records
First node contains 2792 number of records
Second node contains 2793 number of records
Coefficients before iterations start are: [ 0.02635645  0.29050145  0.08851602  0.9766809   3.73955232  3.35930021
  1.58275431  0.49492928  0.64444332  0.34004122  1.40788971  0.23695546
  0.28808753  0.29641553  0.32403528 -6.74930624]
Coefficients after iteration 1 are: [ 0.02015013  0.20563215  0.46329832  0.89607788  3.4741437   2.93273576
  1.96217384  0.55770918  0.40440115  0.23327101  1.05658936 -0.22274108
  0.74462286  0.33493523  0.25950875 -6.27001873]
Coefficients after iteration 2 are: [ 0.02036373  0.21134461  0.46236444  0.89269946  3.49809624  2.92695186
  1.93965759  0.54381821  0.40313846  0.23845509  1.07660247 -0.22390427
  0.73120052  0.33871608  0.25695159 -6.27159183]
Coefficients after iteration 3 are: [ 0.02059465  0.21513288  0.46059143  0.88452028  3.47410455  2.94355121
  1.91981013  0.53765581  0.40167421  0.2513171   1.09962204 -0.21924215
  0.70721004  0.34234792  0.26107426 -6.27201212]
Coefficients after iteration 4 are: [ 0.02056234  0.21329491  0.45958262  0.88215401  3.47141188  2.94191878
  1.91915642  0.54342317  0.40196564  0.25231083  1.09644953 -0.21882756
  0.7058035   0.34065604  0.26406349 -6.26878147]
Coefficients after iteration 5 are: [ 0.02056168  0.21329495  0.45958251  0.8821538   3.471412    2.94191861
  1.91915603  0.54342314  0.40196568  0.25231091  1.09644958 -0.21882754
  0.70580355  0.34065625  0.26406323 -6.26878129]
