Central server contains 7400 number of records
First node contains 1742 number of records
Second node contains 1743 number of records
Coefficients before iterations start are: [ 0.01758305  0.23461185  0.77761739  1.14482685  3.81823085  3.15538943
  2.08641278  0.53927549  0.39996937  0.26457391  1.05054188 -0.06243782
  0.64678148  0.39668989  0.31159156 -6.43234486]
Coefficients after iteration 1 are: [ 0.02621011  0.19781791 -0.06928043  0.65352453  3.2509094   2.90932361
  1.63134748  0.5476326   0.60818115  0.29762756  1.2913331  -0.15743699
  0.60676709  0.25445597  0.24163483 -6.33440433]
Coefficients after iteration 2 are: [ 0.02565591  0.24323078 -0.04131984  0.65532496  3.22696859  2.87815061
  1.62322579  0.53961052  0.43805025  0.27728937  1.26815354 -0.16134237
  0.61364077  0.27398162  0.23609665 -6.30223461]
Coefficients after iteration 3 are: [ 0.02581062  0.23843326 -0.04066978  0.65277369  3.22626688  2.88184012
  1.62069118  0.5366671   0.44597238  0.27702917  1.26714325 -0.165179
  0.61363562  0.26200491  0.24143993 -6.30312576]
Coefficients after iteration 4 are: [ 0.02577747  0.24290617 -0.03729501  0.64543096  3.22666157  2.88713495
  1.61957221  0.53404928  0.47240233  0.27393766  1.26477656 -0.17366154
  0.60868685  0.26119164  0.23294383 -6.29741216]
Coefficients after iteration 5 are: [ 0.02577472  0.24290594 -0.03729499  0.64543094  3.2266616   2.88713479
  1.61957225  0.5340493   0.47240235  0.27393764  1.26477659 -0.17366146
  0.60868671  0.26119162  0.23294395 -6.29741218]
