Central server contains 1800 number of records
First node contains 4542 number of records
Second node contains 4543 number of records
Coefficients before iterations start are: [ 0.00900276  0.10673674  1.76260269  1.32496581  4.50160986  3.73752585
  2.65916693  0.65839493  0.77165069  0.64365575  0.77437729  0.10957944
  0.53817636  0.29597005 -0.02170149 -6.23421715]
Coefficients after iteration 1 are: [ 0.01896004  0.16888096  0.56601554  0.96097551  3.68600482  3.13806903
  1.92643938  0.5677473   0.56118908  0.31854002  1.07862568 -0.11058786
  0.55890863  0.34069332  0.216132   -6.2296993 ]
Coefficients after iteration 2 are: [ 0.01888129  0.19516974  0.5998548   0.93431423  3.67168576  3.11247523
  1.95155514  0.56120168  0.52969258  0.35220616  1.05973024 -0.06773023
  0.59278482  0.31942301  0.20788012 -6.24259121]
Coefficients after iteration 3 are: [ 0.01887465  0.19617929  0.60788557  0.93237767  3.66833836  3.11195065
  1.95037413  0.56315571  0.52899183  0.34823083  1.07477044 -0.07714808
  0.5924426   0.32474325  0.20985769 -6.24490942]
Coefficients after iteration 4 are: [ 0.01889584  0.19548151  0.61038519  0.93190877  3.66660154  3.11288547
  1.94948497  0.56288886  0.52892207  0.34847797  1.07341824 -0.07641006
  0.59314119  0.32298285  0.21181822 -6.24582756]
Coefficients after iteration 5 are: [ 0.01889619  0.19548158  0.61038556  0.93190869  3.66660165  3.11288531
  1.94948493  0.56288883  0.52892205  0.34847798  1.07341822 -0.07641002
  0.59314103  0.32298306  0.2118181  -6.24582759]
