Central server contains 9700 number of records
First node contains 592 number of records
Second node contains 593 number of records
Coefficients before iterations start are: [ 2.16358     0.22843066  0.36183711  0.86910588  3.50070821  3.00057885
  1.82560385  0.53803323  0.45747878  0.27306922  1.1601112  -0.11292471
  0.62010708  0.32833225  0.27338948 -6.33305999]
Coefficients after iteration 1 are: [ 1.65934609  0.44847099  0.43414929  1.41052689  3.6098541   2.9784183
  1.73496051  0.80000665  0.57968962  0.31320242  0.87426711 -0.48061938
  0.59951892  0.55032773  0.63414001 -6.31518994]
Coefficients after iteration 2 are: [ 1.66592731  0.42934522  0.4322597   1.41464293  3.58975008  3.00968891
  1.71584898  0.77610913  0.59846609  0.36407997  0.88249752 -0.49306591
  0.57018025  0.52111462  0.62470502 -6.2929363 ]
Coefficients after iteration 3 are: [ 1.65883757  0.43145146  0.4317515   1.40446438  3.58557376  3.00443633
  1.7092534   0.77738922  0.60191642  0.36650467  0.87450996 -0.49952607
  0.57103436  0.52505527  0.62922861 -6.28567779]
Coefficients after iteration 4 are: [ 1.65895254  0.43142462  0.43097291  1.40478595  3.584935    3.00509085
  1.70855648  0.77674594  0.60190723  0.36817553  0.87398871 -0.49907817
  0.57054985  0.52459048  0.62906435 -6.28512953]
Coefficients after iteration 5 are: [ 1.65901117  0.43146128  0.43092807  1.40478858  3.5849999   3.00506777
  1.70857229  0.77678643  0.60190532  0.36823167  0.87401519 -0.49907086
  0.57051199  0.52465507  0.62906228 -6.2849972 ]
