Central server contains 1900 number of records
First node contains 4492 number of records
Second node contains 4493 number of records
Coefficients before iterations start are: [ 2.16358     0.22843066  0.36183711  0.86910588  3.50070821  3.00057885
  1.82560385  0.53803323  0.45747878  0.27306922  1.1601112  -0.11292471
  0.62010708  0.32833225  0.27338948 -6.33305999]
Coefficients after iteration 1 are: [ 1.98998288  0.17254833  0.42763525  1.03804849  3.51911756  3.05618984
  1.87087031  0.46924365  0.39139306  0.10948489  1.09484082 -0.08993008
  0.61869835  0.31390212  0.25363932 -6.20071389]
Coefficients after iteration 2 are: [ 2.00515713  0.17861124  0.4304283   1.02802486  3.52959049  3.04789565
  1.87410625  0.46742413  0.3866891   0.13010554  1.08179299 -0.08950083
  0.6261609   0.31890247  0.25981544 -6.21831684]
Coefficients after iteration 3 are: [ 2.00186972  0.17741997  0.43090772  1.03092099  3.52878725  3.0532959
  1.87459181  0.46645135  0.38996373  0.12451991  1.08190629 -0.09215699
  0.62298854  0.31623027  0.25690669 -6.21384518]
Coefficients after iteration 4 are: [ 2.00149661  0.17734138  0.4311003   1.03097764  3.52977913  3.05271986
  1.87425343  0.46646523  0.38945531  0.12518757  1.08160751 -0.09165055
  0.62370301  0.31661834  0.25729414 -6.21412123]
Coefficients after iteration 5 are: [ 2.00149661  0.17734138  0.4311003   1.03097764  3.52977913  3.05271986
  1.87425343  0.46646523  0.38945531  0.12518757  1.08160751 -0.09165055
  0.62370301  0.31661834  0.25729414 -6.21412123]
