Central server contains 300 number of records
First node contains 5292 number of records
Second node contains 5293 number of records
Coefficients before iterations start are: [ 2.16358     0.22843066  0.36183711  0.86910588  3.50070821  3.00057885
  1.82560385  0.53803323  0.45747878  0.27306922  1.1601112  -0.11292471
  0.62010708  0.32833225  0.27338948 -6.33305999]
Coefficients after iteration 1 are: [ 2.14167713e+00  2.39674723e-01  1.45930063e+00  1.69290913e+00
  3.77466533e+00  3.02095494e+00  2.43270220e+00  6.07983553e-01
  1.29417033e+00  3.65617836e-01  7.44857914e-01 -1.11369141e-03
  7.41656676e-01  5.57014244e-01  4.97677122e-01 -6.98427264e+00]
Coefficients after iteration 2 are: [ 2.144942    0.24292381  1.52475312  1.75058982  3.76330524  2.93162893
  2.47238148  0.57755539  0.96716329  0.38867644  0.79537086 -0.02954153
  0.91345209  0.47674078  0.31098654 -6.94269215]
Coefficients after iteration 3 are: [ 2.10497169  0.24214866  1.54008762  1.74358238  3.74022765  2.95859392
  2.4752283   0.58709408  1.17247426  0.42590978  0.75529626 -0.03649867
  0.87210879  0.50409556  0.33908783 -6.93476204]
Coefficients after iteration 4 are: [ 2.10880542  0.23725859  1.53959433  1.76093388  3.75212491  2.91704651
  2.49059022  0.58337404  1.07438155  0.40455323  0.76610198 -0.02969494
  0.91896227  0.49067757  0.32036583 -6.93902904]
Coefficients after iteration 5 are: [ 2.10468432  0.24103778  1.54600234  1.75182894  3.74300648  2.94298399
  2.483334    0.5832579   1.12971193  0.42357389  0.75949559 -0.03678841
  0.89384355  0.49718602  0.32418314 -6.93464463]
Coefficients after iteration 6 are: [ 2.10422385  0.23829098  1.54241801  1.758957    3.74853837  2.92370847
  2.49020256  0.5849956   1.10477156  0.41208561  0.76430001 -0.02934395
  0.9126132   0.49319177  0.32205422 -6.93825057]
Coefficients after iteration 7 are: [ 2.10438057  0.23994805  1.54452921  1.75566697  3.74492036  2.93492727
  2.48685106  0.58333446  1.11417984  0.42001973  0.75971586 -0.03520994
  0.90193666  0.49646118  0.32309131 -6.93606853]
Coefficients after iteration 8 are: [ 2.10420039  0.23902613  1.5439195   1.75747844  3.74727107  2.92930556
  2.48840926  0.58385555  1.11082736  0.41542742  0.76234454 -0.03216416
  0.90762344  0.49412473  0.32237013 -6.93698032]
Coefficients after iteration 9 are: [ 2.10401696  0.23946338  1.54398405  1.7572485   3.74612479  2.93051024
  2.48873894  0.58392799  1.11122723  0.41653697  0.76130721 -0.03280452
  0.90612134  0.49498883  0.32267996 -6.93689232]
Coefficients after iteration 10 are: [ 2.10405595  0.23941056  1.54399075  1.75720291  3.74651488  2.9306509
  2.48834561  0.58379889  1.11126169  0.41667978  0.76140217 -0.03287798
  0.90623563  0.49498515  0.32275795 -6.93683074]
