Central server contains 1000 number of records
First node contains 4942 number of records
Second node contains 4943 number of records
Coefficients before iterations start are: [ 2.16358     0.22843066  0.36183711  0.86910588  3.50070821  3.00057885
  1.82560385  0.53803323  0.45747878  0.27306922  1.1601112  -0.11292471
  0.62010708  0.32833225  0.27338948 -6.33305999]
Coefficients after iteration 1 are: [ 2.30721624  0.30022572  0.41846633  0.85783076  3.50117056  3.12272282
  1.75730785  0.52254949  0.58171925  0.18473958  1.0960017   0.08267532
  0.47864924  0.31254149  0.19906676 -6.31757233]
Coefficients after iteration 2 are: [ 2.31139716  0.28073142  0.44218459  0.8587978   3.4816722   3.13693042
  1.77078596  0.52420828  0.53722139  0.18941529  1.10251015  0.07262178
  0.49753435  0.31039476  0.20796908 -6.32564762]
Coefficients after iteration 3 are: [ 2.31744761  0.28475224  0.44279135  0.85934235  3.49122707  3.14493314
  1.76933044  0.52044906  0.55343996  0.18296852  1.09919702  0.07252114
  0.48883843  0.30629831  0.20244466 -6.32460716]
Coefficients after iteration 4 are: [ 2.31740493  0.28344175  0.44325904  0.85996085  3.48901861  3.1456389
  1.77048379  0.5211175   0.55275434  0.18326124  1.09931241  0.07244683
  0.49050676  0.30689322  0.20338691 -6.32586419]
Coefficients after iteration 5 are: [ 2.31756854  0.28386889  0.44368847  0.86045811  3.49004325  3.14498298
  1.7706991   0.52100502  0.55224108  0.18365357  1.09998586  0.07234576
  0.49066501  0.30733685  0.20375425 -6.32662334]
Coefficients after iteration 6 are: [ 2.31753335  0.28379516  0.44376112  0.86053323  3.48990554  3.14502855
  1.7707784   0.52102863  0.55218008  0.18368332  1.09995536  0.07235506
  0.49072013  0.30733261  0.20375495 -6.32685687]
