Central server contains 6800 number of records
First node contains 2042 number of records
Second node contains 2043 number of records
Coefficients before iterations start are: [ 2.16358     0.22843066  0.36183711  0.86910588  3.50070821  3.00057885
  1.82560385  0.53803323  0.45747878  0.27306922  1.1601112  -0.11292471
  0.62010708  0.32833225  0.27338948 -6.33305999]
Coefficients after iteration 1 are: [ 2.15184103e+00  2.02148658e-01  3.23054993e-01  8.59625784e-01
  3.50476706e+00  2.98135210e+00  1.82261932e+00  6.06828956e-01
  2.10462754e-01  3.34162711e-01  1.28123001e+00 -6.20356282e-03
  6.39035607e-01  2.93895826e-01  2.92135904e-01 -6.36163169e+00]
Coefficients after iteration 2 are: [ 2.17782747e+00  2.13122923e-01  3.13764191e-01  8.52984984e-01
  3.50236148e+00  2.98435957e+00  1.81544827e+00  6.04916103e-01
  2.89078052e-01  3.30946607e-01  1.27418666e+00 -5.33996227e-03
  6.34692024e-01  3.03816270e-01  2.97064011e-01 -6.37976653e+00]
Coefficients after iteration 3 are: [ 2.17743374e+00  2.09503904e-01  3.12076011e-01  8.52358711e-01
  3.50118461e+00  2.98304447e+00  1.81685543e+00  6.05447955e-01
  2.65348735e-01  3.32234002e-01  1.27540948e+00 -4.71337714e-03
  6.36223777e-01  3.01595120e-01  2.95640715e-01 -6.37751079e+00]
Coefficients after iteration 4 are: [ 2.17746810e+00  2.10891754e-01  3.11804829e-01  8.52207041e-01
  3.50134557e+00  2.98360966e+00  1.81566762e+00  6.04533590e-01
  2.70160541e-01  3.30453951e-01  1.27444000e+00 -5.86618176e-03
  6.35312456e-01  3.02449655e-01  2.96453653e-01 -6.37728307e+00]
Coefficients after iteration 5 are: [ 2.17741118e+00  2.10758876e-01  3.11797152e-01  8.52194302e-01
  3.50128299e+00  2.98357262e+00  1.81567392e+00  6.04537920e-01
  2.70164422e-01  3.30448832e-01  1.27443882e+00 -5.86297582e-03
  6.35261414e-01  3.02392257e-01  2.96402274e-01 -6.37738128e+00]
