Central server contains 6200 number of records
First node contains 2342 number of records
Second node contains 2343 number of records
Coefficients before iterations start are: [ 2.16358     0.22843066  0.36183711  0.86910588  3.50070821  3.00057885
  1.82560385  0.53803323  0.45747878  0.27306922  1.1601112  -0.11292471
  0.62010708  0.32833225  0.27338948 -6.33305999]
Coefficients after iteration 1 are: [ 2.10938362  0.29765359  0.43003911  0.94045207  3.57687071  3.11116658
  1.91996541  0.48717687  0.54168325  0.23819841  1.14385453 -0.15343857
  0.57817831  0.24411718  0.19141269 -6.31416815]
Coefficients after iteration 2 are: [ 2.10197869  0.29607872  0.42544322  0.94115159  3.5783824   3.11073304
  1.92075768  0.48554871  0.5509693   0.24954428  1.14233353 -0.15823001
  0.58237834  0.24615907  0.19350198 -6.31326408]
Coefficients after iteration 3 are: [ 2.1003429   0.29665552  0.42401889  0.94153045  3.57888172  3.11005607
  1.92084874  0.48715505  0.55238673  0.24736983  1.1438262  -0.15611137
  0.58159546  0.24519834  0.19272007 -6.31234636]
Coefficients after iteration 4 are: [ 2.10004762  0.29639445  0.42373169  0.94157508  3.57857446  3.11060838
  1.92046918  0.48705942  0.55266459  0.2475062   1.14372467 -0.15597361
  0.58230265  0.24518466  0.19277574 -6.31218962]
Coefficients after iteration 5 are: [ 2.10004762  0.29639445  0.42373169  0.94157508  3.57857446  3.11060838
  1.92046918  0.48705942  0.55266459  0.2475062   1.14372467 -0.15597361
  0.58230265  0.24518466  0.19277574 -6.31218962]
