Central server contains 7900 number of records
First node contains 1492 number of records
Second node contains 1493 number of records
Coefficients before iterations start are: [ 2.16358     0.22843066  0.36183711  0.86910588  3.50070821  3.00057885
  1.82560385  0.53803323  0.45747878  0.27306922  1.1601112  -0.11292471
  0.62010708  0.32833225  0.27338948 -6.33305999]
Coefficients after iteration 1 are: [ 1.92348067  0.2453509   0.69967304  0.89780118  3.42991548  2.99377218
  1.8236865   0.56560575  0.54607833  0.5484523   1.15527268 -0.10166667
  0.59403207  0.26001291  0.20187928 -6.18849595]
Coefficients after iteration 2 are: [ 1.92101461  0.24552799  0.70199203  0.89920135  3.43191098  2.99383508
  1.82454015  0.56275133  0.5432918   0.5501293   1.16907175 -0.10786824
  0.59851692  0.26969291  0.211532   -6.1927538 ]
Coefficients after iteration 3 are: [ 1.92022986  0.24595611  0.70399679  0.90073582  3.43225841  2.99401683
  1.82648473  0.56386852  0.54261115  0.5516823   1.16617215 -0.10701809
  0.599186    0.2708696   0.21094896 -6.19431197]
Coefficients after iteration 4 are: [ 1.92017389  0.24579468  0.704395    0.90100707  3.43318803  2.99408228
  1.8264993   0.56353902  0.5425608   0.55175605  1.16680436 -0.10709149
  0.59932519  0.27047177  0.21138966 -6.19455234]
Coefficients after iteration 5 are: [ 1.92008958  0.24574353  0.70447095  0.90106321  3.43312677  2.99412108
  1.82657201  0.56352785  0.54255244  0.551745    1.16679912 -0.10709954
  0.59928577  0.270469    0.2113166  -6.19471522]
