Central server contains 9200 number of records
First node contains 842 number of records
Second node contains 843 number of records
Coefficients before iterations start are: [ 2.16358     0.22843066  0.36183711  0.86910588  3.50070821  3.00057885
  1.82560385  0.53803323  0.45747878  0.27306922  1.1601112  -0.11292471
  0.62010708  0.32833225  0.27338948 -6.33305999]
Coefficients after iteration 1 are: [ 1.99241333  0.19748827 -0.06618806  0.69309969  3.39642942  2.6604899
  1.68424458  0.66283847  0.04965215  0.11140605  1.16063779  0.04589533
  0.63020467  0.30301744  0.28627774 -6.04689502]
Coefficients after iteration 2 are: [ 1.98892949e+00  1.97692454e-01 -8.86411607e-02  7.10756530e-01
  3.39692237e+00  2.65694963e+00  1.69859367e+00  6.62623013e-01
  6.94732974e-04  1.31349944e-01  1.16421417e+00  7.68664458e-02
  6.34936844e-01  3.06334395e-01  2.92187319e-01 -6.06000517e+00]
Coefficients after iteration 3 are: [ 1.98954110e+00  1.96860881e-01 -8.93427284e-02  7.11207013e-01
  3.39806555e+00  2.65562322e+00  1.69940815e+00  6.62572908e-01
 -1.79122593e-04  1.30479403e-01  1.16386266e+00  7.81810444e-02
  6.33184308e-01  3.06377245e-01  2.92808210e-01 -6.05979752e+00]
Coefficients after iteration 4 are: [ 1.99140420e+00  1.96900598e-01 -9.28642132e-02  7.13106707e-01
  3.39873589e+00  2.65620318e+00  1.69916900e+00  6.62612965e-01
 -3.88906088e-03  1.28116751e-01  1.16219821e+00  8.09107192e-02
  6.33195608e-01  3.06802737e-01  2.93062150e-01 -6.06135733e+00]
Coefficients after iteration 5 are: [ 1.99140420e+00  1.96900598e-01 -9.28642132e-02  7.13106707e-01
  3.39873589e+00  2.65620318e+00  1.69916900e+00  6.62612965e-01
 -3.88906088e-03  1.28116751e-01  1.16219821e+00  8.09107192e-02
  6.33195608e-01  3.06802737e-01  2.93062150e-01 -6.06135733e+00]
