Central server contains 5300 number of records
First node contains 2792 number of records
Second node contains 2793 number of records
Coefficients before iterations start are: [ 2.16358     0.22843066  0.36183711  0.86910588  3.50070821  3.00057885
  1.82560385  0.53803323  0.45747878  0.27306922  1.1601112  -0.11292471
  0.62010708  0.32833225  0.27338948 -6.33305999]
Coefficients after iteration 1 are: [ 2.0443814   0.21262566  0.42904131  0.84941423  3.44540648  2.91454091
  1.89939723  0.54799136  0.4072956   0.25575783  1.09107556 -0.21921784
  0.71231552  0.33747885  0.26030301 -6.24011893]
Coefficients after iteration 2 are: [ 2.05036754  0.21346724  0.42667087  0.84924797  3.44590944  2.91535452
  1.88912812  0.54431413  0.40551606  0.25528739  1.09923818 -0.21779782
  0.70342938  0.34037458  0.26206815 -6.23813918]
Coefficients after iteration 3 are: [ 2.05063164  0.21321431  0.42626833  0.8488345   3.44477801  2.91515442
  1.88951418  0.54482103  0.40557023  0.25533712  1.09834388 -0.21787656
  0.70463926  0.34028298  0.26142915 -6.2381346 ]
Coefficients after iteration 4 are: [ 2.05081512  0.21325907  0.42596718  0.84852139  3.44521787  2.91433718
  1.88946011  0.54471688  0.4055638   0.25538388  1.09838997 -0.21797738
  0.70461843  0.34010437  0.26144023 -6.23803377]
Coefficients after iteration 5 are: [ 2.05081512  0.21325907  0.42596718  0.84852139  3.44521787  2.91433718
  1.88946011  0.54471688  0.4055638   0.25538388  1.09838997 -0.21797738
  0.70461843  0.34010437  0.26144023 -6.23803377]
