Central server contains 9800 number of records
First node contains 542 number of records
Second node contains 543 number of records
Coefficients before iterations start are: [ 2.16358     0.22843066  0.36183711  0.86910588  3.50070821  3.00057885
  1.82560385  0.53803323  0.45747878  0.27306922  1.1601112  -0.11292471
  0.62010708  0.32833225  0.27338948 -6.33305999]
Coefficients after iteration 1 are: [ 1.60920114  0.00671715 -0.29410114  0.3677662   3.1234106   2.7392468
  1.39772649  0.77032478  0.82235759  0.22801606  1.08737384 -0.10072664
  0.65343058  0.31781254  0.29775038 -5.54272088]
Coefficients after iteration 2 are: [ 1.57657912  0.02409425 -0.29816513  0.36380566  3.11501473  2.75221698
  1.41081434  0.78781912  0.75838865  0.24442778  1.11332223 -0.05950952
  0.63988653  0.29705313  0.27847288 -5.52388053]
Coefficients after iteration 3 are: [ 1.56725822  0.02171773 -0.29875607  0.35896748  3.11950824  2.75238026
  1.41293127  0.78983648  0.77492428  0.24408692  1.11034994 -0.061318
  0.64456222  0.29807961  0.28198029 -5.52233986]
Coefficients after iteration 4 are: [ 1.56682309  0.02251242 -0.2987584   0.35951933  3.11801275  2.75317615
  1.41270521  0.79052945  0.77313287  0.24445935  1.11151122 -0.06015995
  0.64398679  0.29770648  0.28113249 -5.52186104]
Coefficients after iteration 5 are: [ 1.56682309  0.02251242 -0.2987584   0.35951933  3.11801275  2.75317615
  1.41270521  0.79052945  0.77313287  0.24445935  1.11151122 -0.06015995
  0.64398679  0.29770648  0.28113249 -5.52186104]
