Central server contains 8500 number of records
First node contains 1192 number of records
Second node contains 1193 number of records
Coefficients before iterations start are: [ 2.16358     0.22843066  0.36183711  0.86910588  3.50070821  3.00057885
  1.82560385  0.53803323  0.45747878  0.27306922  1.1601112  -0.11292471
  0.62010708  0.32833225  0.27338948 -6.33305999]
Coefficients after iteration 1 are: [ 2.19639965  0.20499057  0.3337159   0.7233338   3.4322722   2.82349936
  1.8934218   0.47285137  0.63981861  0.41371598  0.99243541 -0.13453311
  0.8149006   0.16602021  0.16530672 -6.2334257 ]
Coefficients after iteration 2 are: [ 2.15266147  0.20844473  0.34557124  0.72380323  3.44335445  2.81439479
  1.88665481  0.46618027  0.66571429  0.39334342  0.99586273 -0.13379906
  0.81509691  0.16242305  0.17959893 -6.21252494]
Coefficients after iteration 3 are: [ 2.15296131  0.20840798  0.34588362  0.72399679  3.44273539  2.81483848
  1.88569945  0.46578432  0.66557635  0.39705905  0.99460354 -0.1331196
  0.81771723  0.16145772  0.17987925 -6.21249178]
Coefficients after iteration 4 are: [ 2.15294983  0.20845982  0.34597891  0.72397397  3.4430409   2.81399239
  1.88601566  0.46573396  0.66560518  0.39746003  0.99486938 -0.13300259
  0.81734004  0.1614387   0.17990571 -6.21244683]
Coefficients after iteration 5 are: [ 2.15294983  0.20845982  0.34597891  0.72397397  3.4430409   2.81399239
  1.88601566  0.46573396  0.66560518  0.39746003  0.99486938 -0.13300259
  0.81734004  0.1614387   0.17990571 -6.21244683]
