Central server contains 600 number of records
First node contains 5142 number of records
Second node contains 5143 number of records
Coefficients before iterations start are: [ 2.16358     0.22843066  0.36183711  0.86910588  3.50070821  3.00057885
  1.82560385  0.53803323  0.45747878  0.27306922  1.1601112  -0.11292471
  0.62010708  0.32833225  0.27338948 -6.33305999]
Coefficients after iteration 1 are: [ 2.3871929   0.37385863  0.88906637  1.02538786  3.7707133   3.01945107
  2.06134991  0.55271286  0.12017495  0.11390096  1.07915261 -0.18068664
  0.67821636  0.32243535  0.16780536 -6.63795753]
Coefficients after iteration 2 are: [ 2.40855189  0.33906698  0.91279366  1.02482271  3.73140192  3.0684195
  2.05441232  0.57786965  0.10554132  0.20254184  1.08152106 -0.18739861
  0.6712818   0.32759635  0.1819861  -6.63722765]
Coefficients after iteration 3 are: [ 2.40144724  0.35367373  0.91510649  1.02747498  3.7462403   3.03967012
  2.06447506  0.57225951  0.10560046  0.16510434  1.07495256 -0.18727912
  0.6798252   0.33044322  0.17532079 -6.64316627]
Coefficients after iteration 4 are: [ 2.40437152  0.34797285  0.91645872  1.02750744  3.7407757   3.05519227
  2.06216076  0.57411489  0.10328327  0.18273593  1.07726301 -0.18938223
  0.67690868  0.33044476  0.17920932 -6.64259632]
Coefficients after iteration 5 are: [ 2.40306985  0.35021126  0.91783833  1.02908962  3.74479017  3.0485506
  2.06485337  0.57327106  0.10366218  0.17404612  1.07610999 -0.18832019
  0.67821542  0.33076407  0.17725282 -6.64402419]
Coefficients after iteration 6 are: [ 2.40328477  0.34953636  0.91795339  1.02910834  3.7436711   3.05081184
  2.06448463  0.57345049  0.1036178   0.17539948  1.07589691 -0.18858247
  0.67915479  0.33039328  0.17818217 -6.64394219]
Coefficients after iteration 7 are: [ 2.40319759  0.34955173  0.91797962  1.02910488  3.74388708  3.0506138
  2.06457954  0.57339774  0.10357906  0.17561756  1.07601141 -0.18868604
  0.67856814  0.33056691  0.17794142 -6.64408805]
