Central server contains 7400 number of records
First node contains 1742 number of records
Second node contains 1743 number of records
Coefficients before iterations start are: [ 2.16358     0.22843066  0.36183711  0.86910588  3.50070821  3.00057885
  1.82560385  0.53803323  0.45747878  0.27306922  1.1601112  -0.11292471
  0.62010708  0.32833225  0.27338948 -6.33305999]
Coefficients after iteration 1 are: [ 2.59205239  0.22198255 -0.05510036  0.63348724  3.22288726  2.88883072
  1.60609673  0.53785721  0.5226466   0.28197891  1.27989504 -0.16816567
  0.59952989  0.25888803  0.23548239 -6.29320669]
Coefficients after iteration 2 are: [ 2.57215915  0.24085961 -0.04326803  0.63873237  3.22082719  2.87562164
  1.61475648  0.53616992  0.46207802  0.27527066  1.26684464 -0.16934516
  0.60890598  0.26450691  0.23536524 -6.29091439]
Coefficients after iteration 3 are: [ 2.57543995  0.23884139 -0.03965309  0.63844458  3.22189832  2.87927496
  1.61412652  0.53584358  0.48066253  0.27449206  1.26658316 -0.17014036
  0.60798989  0.26171671  0.23529638 -6.29110727]
Coefficients after iteration 4 are: [ 2.5750052   0.24004175 -0.03927025  0.63879217  3.22187313  2.87853493
  1.61440923  0.53639854  0.47822943  0.27500845  1.26681965 -0.16959445
  0.60786014  0.26225714  0.23524394 -6.2917904 ]
Coefficients after iteration 5 are: [ 2.5750052   0.24004175 -0.03927025  0.63879217  3.22187313  2.87853493
  1.61440923  0.53639854  0.47822943  0.27500845  1.26681965 -0.16959445
  0.60786014  0.26225714  0.23524394 -6.2917904 ]
