Central server contains 500 number of records
First node contains 5192 number of records
Second node contains 5193 number of records
Coefficients before iterations start are: [ 2.16358     0.22843066  0.36183711  0.86910588  3.50070821  3.00057885
  1.82560385  0.53803323  0.45747878  0.27306922  1.1601112  -0.11292471
  0.62010708  0.32833225  0.27338948 -6.33305999]
Coefficients after iteration 1 are: [ 2.51981237  0.32723716  0.1402398   1.13231737  3.44554777  2.98960587
  1.982103    0.53248035  0.02456682  0.16280303  1.19111149 -0.26358441
  0.56856921  0.14470084  0.23719904 -6.54952664]
Coefficients after iteration 2 are: [ 2.43126762  0.32289151  0.13057709  1.11510693  3.48286367  3.03793819
  1.95980183  0.54725836  0.50061771  0.16710466  1.16538869 -0.25988541
  0.55019855  0.1176084   0.24210029 -6.51154992]
Coefficients after iteration 3 are: [ 2.49148746  0.32080554  0.12701957  1.10730977  3.4462639   3.01417669
  1.97135091  0.54316268  0.04954647  0.18238944  1.18745185 -0.2705119
  0.53145639  0.14821092  0.24974714 -6.53420244]
Coefficients after iteration 4 are: [ 2.43612389  0.32543904  0.12391536  1.11160638  3.47651479  3.03393324
  1.95754707  0.55088074  0.49414546  0.17030924  1.17243532 -0.26130413
  0.54879738  0.11077747  0.23639483 -6.50781976]
Coefficients after iteration 5 are: [ 2.48842273  0.31958289  0.12418423  1.10607078  3.44590748  3.01392528
  1.96919285  0.54414988  0.05967612  0.18302823  1.18606988 -0.27028076
  0.53013264  0.14758548  0.25072215 -6.53102958]
Coefficients after iteration 6 are: [ 2.43756007  0.32565411  0.12311808  1.11073317  3.47502713  3.03312852
  1.95751228  0.55095687  0.48687951  0.17053761  1.17327755 -0.26151895
  0.54862302  0.11126699  0.23590811 -6.50783352]
Coefficients after iteration 7 are: [ 2.48708558  0.31956381  0.12384651  1.10610174  3.44635706  3.0141447
  1.9687606   0.54415551  0.06888801  0.18286247  1.18553477 -0.27008847
  0.53037092  0.1469712   0.25058012 -6.53016525]
Coefficients after iteration 8 are: [ 2.43852855  0.32556261  0.12304584  1.11055873  3.47435027  3.03268416
  1.95768403  0.55083448  0.47979946  0.17076459  1.17360461 -0.26169152
  0.54831778  0.11193552  0.23610959 -6.50818351]
Coefficients after iteration 9 are: [ 2.48606012  0.3196449   0.12382709  1.1061971   3.44687321  3.01448201
  1.96852833  0.54425017  0.07768966  0.18263392  1.18526282 -0.26994436
  0.5306998   0.14632536  0.25031955 -6.52964852]
Coefficients after iteration 10 are: [ 2.43940012  0.32543399  0.12308241  1.1104833   3.47380849  3.03232499
  1.95789493  0.55069554  0.47297592  0.17098552  1.17384427 -0.26185632
  0.5479873   0.11259079  0.23637369 -6.50854872]
Coefficients after iteration 11 are: [ 2.48511494  0.31972826  0.12384553  1.10629452  3.44738249  3.01481893
  1.96832557  0.54435868  0.08607482  0.18240895  1.18503992 -0.26981077
  0.53102625  0.14569304  0.2500561  -6.52919469]
Coefficients after iteration 12 are: [ 2.44022471  0.32531021  0.12311914  1.11041741  3.47329094  3.03199073
  1.95810263  0.55056129  0.46641831  0.17120013  1.17405898 -0.26201127
  0.54767288  0.11323042  0.23662564 -6.50889956]
Coefficients after iteration 13 are: [ 2.48421713  0.31981203  0.12386598  1.10638934  3.4478686   3.01514659
  1.96813647  0.54445944  0.09406373  0.18219318  1.18482161 -0.2696817
  0.53133963  0.14509055  0.24980112 -6.52876666]
Coefficients after iteration 14 are: [ 2.44101698  0.32519513  0.12316584  1.1103568   3.4728039   3.03167184
  1.9583036   0.55042889  0.46011073  0.17140716  1.17426596 -0.26216094
  0.54736519  0.11383455  0.2368693  -6.50923761]
Coefficients after iteration 15 are: [ 2.48335652  0.3198966   0.12388802  1.10648156  3.44833778  3.01545783
  1.96795649  0.54455999  0.10169691  0.1819898   1.184622   -0.26955307
  0.53163875  0.14450829  0.2495583  -6.52836083]
Coefficients after iteration 16 are: [ 2.44177721  0.32507955  0.12320673  1.11029764  3.47233886  3.03136539
  1.95849538  0.55030457  0.45404274  0.17160539  1.17446487 -0.26230233
  0.54707194  0.11441745  0.23710774 -6.50956559]
Coefficients after iteration 17 are: [ 2.48253728  0.31997967  0.12390882  1.10656961  3.44878399  3.01576008
  1.96778482  0.54465744  0.10898385  0.18179268  1.18442972 -0.26943075
  0.53192663  0.14395499  0.24932376 -6.52797652]
Coefficients after iteration 18 are: [ 2.44250163  0.32496766  0.12324291  1.1102433   3.47189213  3.03107192
  1.95867903  0.55018415  0.44819303  0.17179273  1.17465512 -0.26244003
  0.54679309  0.11497643  0.2373396  -6.50987861]
Coefficients after iteration 19 are: [ 2.48175292  0.32005557  0.12392665  1.10665113  3.44921109  3.01604822
  1.96762011  0.54474592  0.11593743  0.18160774  1.18424527 -0.26931162
  0.53220482  0.1434208   0.24909727 -6.52760468]
Coefficients after iteration 20 are: [ 2.4432026   0.3248709   0.12328258  1.11019036  3.47146125  3.03079338
  1.95885547  0.55007016  0.44256647  0.17197798  1.1748337  -0.26257073
  0.54652238  0.11551207  0.23755054 -6.51018083]
Coefficients after iteration 21 are: [ 2.48100318  0.32012683  0.12394485  1.10673313  3.44962719  3.0163263
  1.96746152  0.5448335   0.12257817  0.18142565  1.1840667  -0.26919986
  0.53246888  0.14290714  0.24888415 -6.52725276]
Coefficients after iteration 22 are: [ 2.44387447  0.32477098  0.12331539  1.11013691  3.47105153  3.03052253
  1.95902301  0.54995976  0.43715144  0.17215025  1.17501036 -0.2626973
  0.54626359  0.1160222   0.23776241 -6.51047125]
Coefficients after iteration 23 are: [ 2.48028026  0.32020253  0.12395975  1.10680526  3.45001977  3.01658912
  1.96730823  0.5449187   0.12894511  0.18125295  1.18389704 -0.26908885
  0.53272308  0.14241674  0.24867811 -6.52691258]
Coefficients after iteration 24 are: [ 2.44452203  0.32467881  0.12334321  1.11008363  3.47065456  3.03026407
  1.95918134  0.54985567  0.43193084  0.17232056  1.1751724  -0.26281994
  0.54601195  0.11651615  0.23795821 -6.51074702]
Coefficients after iteration 25 are: [ 2.47959266  0.32027323  0.12396658  1.1068747   3.45039803  3.01684152
  1.9671606   0.54499641  0.13502523  0.18108866  1.18373402 -0.2689827
  0.53296532  0.1419428   0.24847983 -6.52658664]
Coefficients after iteration 26 are: [ 2.44514039  0.32458979  0.12336726  1.1100309   3.47027352  3.03001167
  1.95933407  0.54975336  0.42690342  0.17248028  1.17533481 -0.26293515
  0.54577456  0.11698816  0.23815106 -6.5110131 ]
Coefficients after iteration 27 are: [ 2.47849132  0.32052698  0.12324747  1.10681254  3.45056242  3.01677619
  1.9674755   0.54480926  0.14204475  0.1829753   1.18413309 -0.26770531
  0.53354549  0.14063027  0.24797082 -6.52602826]
Coefficients after iteration 28 are: [ 2.44615762  0.32415537  0.12403916  1.10983835  3.4698423   3.03003494
  1.95952963  0.54948472  0.42098851  0.17155398  1.17499786 -0.26383665
  0.54497148  0.11777963  0.23813902 -6.51100889]
Coefficients after iteration 29 are: [ 2.47768263  0.32050454  0.12330927  1.10699877  3.45100816  3.01710822
  1.96730625  0.54496987  0.14895084  0.1829409   1.18408192 -0.26755819
  0.53389083  0.14012067  0.24774213 -6.52572306]
Coefficients after iteration 30 are: [ 2.4467818   0.32405044  0.12406305  1.10980001  3.46942618  3.02975421
  1.95972707  0.54936552  0.41521608  0.17184228  1.17522336 -0.26391187
  0.54472978  0.11829063  0.23836833 -6.51130461]
Coefficients after iteration 31 are: [ 2.4769507   0.32059381  0.12335741  1.10708157  3.45143066  3.0173959
  1.96712928  0.54505663  0.15547599  0.18264341  1.18387175 -0.26749609
  0.53413795  0.1396326   0.24753239 -6.52537554]
Coefficients after iteration 32 are: [ 2.44744584  0.32398009  0.12406489  1.10974835  3.46901772  3.02947089
  1.95988651  0.54926652  0.40969535  0.17208334  1.17542309 -0.26399778
  0.5444917   0.11879484  0.23858693 -6.51162195]
Coefficients after iteration 33 are: [ 2.47626464  0.32067928  0.12339513  1.10715696  3.45183221  3.0176708
  1.96695939  0.54513781  0.16165851  0.1823662   1.18366456 -0.26743662
  0.53437179  0.13916761  0.24733438 -6.52504853]
Coefficients after iteration 34 are: [ 2.4480828   0.32390886  0.12406364  1.10969841  3.46862639  3.0292008
  1.96003902  0.54917017  0.40440817  0.17230152  1.17560881 -0.26408664
  0.54426291  0.11927371  0.23879534 -6.5119195 ]
Coefficients after iteration 35 are: [ 2.47560701  0.32075851  0.12342713  1.10722696  3.45221583  3.01793206
  1.96679388  0.54521927  0.1675605   0.18210136  1.18346818 -0.26737779
  0.53459658  0.13872459  0.24714597 -6.52473543]
Coefficients after iteration 36 are: [ 2.44869598  0.32384144  0.12406191  1.10965134  3.46825353  3.02894333
  1.96018582  0.5490777   0.39932913  0.17251185  1.17578753 -0.26416933
  0.54404332  0.11973153  0.23899529 -6.51220847]
Coefficients after iteration 37 are: [ 2.47497776  0.32083684  0.12345875  1.1072941   3.4525837   3.01818275
  1.9666378   0.54529781  0.17318521  0.18184935  1.18328349 -0.2673222
  0.53481031  0.13830393  0.24696699 -6.52443941]
Coefficients after iteration 38 are: [ 2.44927749  0.32377506  0.12407169  1.10960762  3.46789954  3.02869808
  1.96032788  0.54898922  0.39447582  0.17270525  1.1759545  -0.26425253
  0.54383291  0.12016994  0.23918658 -6.51248106]
Coefficients after iteration 39 are: [ 2.47438472  0.32091072  0.12349273  1.10735949  3.45293443  3.01842193
  1.96648962  0.54537104  0.1785171   0.18160635  1.18310369 -0.26727015
  0.53501584  0.13789884  0.24679337 -6.5241581 ]
Coefficients after iteration 40 are: [ 2.45041687  0.32381047  0.12445299  1.10971129  3.46754623  3.02845247
  1.96030552  0.54840105  0.38908769  0.17093627  1.17551541 -0.26517342
  0.54335988  0.12089551  0.23967726 -6.51277922]
Coefficients after iteration 41 are: [ 2.47396008  0.32100518  0.1235709   1.107464    3.4533484   3.01865055
  1.96635615  0.54549147  0.18429907  0.18126155  1.1828862  -0.26725477
  0.53529239  0.13747155  0.24656303 -6.52400476]
Coefficients after iteration 42 are: [ 2.45098492  0.32374284  0.1244544   1.10968152  3.46721775  3.02821759
  1.96047592  0.54833128  0.38404452  0.17123331  1.17569479 -0.26521498
  0.54315476  0.12133927  0.23986407 -6.51307799]
Coefficients after iteration 43 are: [ 2.47334686  0.321078    0.12361214  1.10753063  3.45371356  3.01890713
  1.96620859  0.54557379  0.18978371  0.18102997  1.18271352 -0.26718889
  0.53550457  0.13706181  0.24639191 -6.52372938]
Coefficients after iteration 44 are: [ 2.45152933  0.323676    0.12444469  1.10963424  3.466874    3.02797873
  1.96062702  0.54827154  0.37925757  0.17152825  1.17589114 -0.26524976
  0.54296237  0.12175157  0.24003069 -6.51334834]
Coefficients after iteration 45 are: [ 2.47275351  0.32114444  0.12363986  1.10758982  3.45405435  3.01914422
  1.96606258  0.54564685  0.19496938  0.18080868  1.18254643 -0.26712825
  0.53570345  0.13666987  0.24622827 -6.52345075]
Coefficients after iteration 46 are: [ 2.45205368  0.32360839  0.12442604  1.10958385  3.46654279  3.0277527
  1.96076687  0.54821177  0.37470235  0.17180151  1.17607709 -0.26528511
  0.54277966  0.12214225  0.24019035 -6.51360371]
Coefficients after iteration 47 are: [ 2.47219185  0.32121163  0.12366397  1.10764661  3.45437911  3.01936931
  1.96592301  0.54571293  0.1998661   0.18059064  1.1823824  -0.26707685
  0.53588972  0.13629484  0.2460715  -6.52318364]
Coefficients after iteration 48 are: [ 2.45255039  0.32354617  0.12441044  1.10953233  3.4662247   3.02753304
  1.96089621  0.54815476  0.37036678  0.17206167  1.17625423 -0.26531854
  0.54260681  0.12251395  0.24034208 -6.51384336]
Coefficients after iteration 49 are: [ 2.47165377  0.32127103  0.12368469  1.10770038  3.45468838  3.01958253
  1.96579183  0.54578361  0.20452067  0.18039682  1.18223709 -0.2670199
  0.53607114  0.13594489  0.24592527 -6.52293603]
Coefficients after iteration 50 are: [ 2.45302445  0.32348459  0.12438546  1.10948622  3.46592437  3.02732752
  1.96102159  0.54810232  0.36624797  0.17230813  1.17642294 -0.26534965
  0.54244401  0.12286665  0.24048803 -6.51407464]
Coefficients after iteration 51 are: [ 2.47114348  0.32133044  0.12370628  1.10774858  3.4549787   3.01978368
  1.96566463  0.54584989  0.20891629  0.1802093   1.18209544 -0.26696782
  0.53624069  0.13561052  0.24578616 -6.52269674]
Coefficients after iteration 52 are: [ 2.45347213  0.32343064  0.12437011  1.10944798  3.46564296  3.02713347
  1.96114266  0.54805119  0.36231679  0.17254278  1.17658051 -0.26538078
  0.54228701  0.12320235  0.24062231 -6.51429452]
Coefficients after iteration 53 are: [ 2.47066657  0.32138435  0.1237283   1.10779666  3.45525781  3.01997727
  1.96554596  0.54590699  0.21308585  0.18002568  1.18195674 -0.26692001
  0.53640135  0.13528905  0.2456526  -6.5224722 ]
Coefficients after iteration 54 are: [ 2.45389499  0.32337413  0.12435814  1.10940309  3.46537158  3.02694845
  1.96125755  0.54800248  0.35859775  0.17276292  1.1767347  -0.2654089
  0.54213974  0.12352314  0.24075824 -6.51450302]
Coefficients after iteration 55 are: [ 2.47020778  0.32143784  0.12374444  1.1078395   3.45551895  3.02015725
  1.96543153  0.54596751  0.21702425  0.17985714  1.18182996 -0.26687302
  0.5365546   0.1349883   0.24552675 -6.52225712]
Coefficients after iteration 56 are: [ 2.45430376  0.32332518  0.12433914  1.10936044  3.4651138   3.02677064
  1.96136119  0.54795692  0.35504014  0.17297377  1.17687625 -0.26543715
  0.54199811  0.12382481  0.24087933 -6.51469936]
Coefficients after iteration 57 are: [ 2.46977323  0.32148651  0.12376048  1.10788285  3.45577133  3.02033117
  1.9653246   0.54602439  0.22077501  0.17969941  1.18171012 -0.26682718
  0.53670126  0.13470139  0.24540764 -6.52205655]
Coefficients after iteration 58 are: [ 2.45515448  0.32315259  0.1245069   1.10944835  3.46463472  3.02667696
  1.96138155  0.54712856  0.35048661  0.17180226  1.17677732 -0.26588439
  0.54196781  0.1242799   0.24146984 -6.51489138]
Coefficients after iteration 59 are: [ 2.46935418  0.32163717  0.12384615  1.10796255  3.4560999   3.02050574
  1.96519142  0.54602966  0.22501794  0.17924754  1.18144398 -0.26692577
  0.53692212  0.1343267   0.24519371 -6.5218222 ]
Coefficients after iteration 60 are: [ 2.45557819  0.32310965  0.12449431  1.10939612  3.46436931  3.02649933
  1.96149637  0.54715266  0.34669699  0.17216225  1.1769848  -0.26585679
  0.54181775  0.12465335  0.24163178 -6.51518278]
Coefficients after iteration 61 are: [ 2.46887827  0.32169869  0.1238747   1.10801711  3.45638138  3.02069899
  1.96508647  0.54609019  0.2290206   0.17907888  1.18130913 -0.26687454
  0.53707662  0.13401761  0.24507043 -6.52161172]
Coefficients after iteration 62 are: [ 2.45597896  0.32306174  0.12446883  1.10935181  3.46412681  3.02632106
  1.96161835  0.54714927  0.34311617  0.17244888  1.17714229 -0.26586223
  0.54166593  0.1249516   0.24172819 -6.51539304]
Coefficients after iteration 63 are: [ 2.46751279  0.32190221  0.12362956  1.10788911  3.45679528  3.02092568
  1.96477571  0.54712812  0.23405814  0.18133275  1.18197119 -0.26589605
  0.53756374  0.13381602  0.24485861 -6.52175098]
Coefficients after iteration 64 are: [ 2.45563273  0.32297575  0.12419974  1.10911601  3.46389579  3.02610599
  1.96197147  0.54794634  0.34018954  0.17449799  1.17792535 -0.26521888
  0.54133983  0.12527995  0.241967   -6.51570786]
Coefficients after iteration 65 are: [ 2.46710733  0.32186285  0.12360007  1.10788946  3.45698043  3.0210656
  1.96473706  0.54720633  0.23748471  0.18099088  1.1818531  -0.2659617
  0.5375301   0.13353295  0.24473859 -6.52139214]
Coefficients after iteration 66 are: [ 2.45600261  0.32293309  0.12414519  1.10905461  3.46371661  3.02589982
  1.96201291  0.5479609   0.33714304  0.17469684  1.17805212 -0.26526027
  0.54119181  0.12542606  0.24201884 -6.51584002]
Coefficients after iteration 67 are: [ 2.46678944  0.32188651  0.12360205  1.1079038   3.45717455  3.02121015
  1.96464584  0.54723554  0.24060487  0.18076728  1.18175052 -0.26595628
  0.53762048  0.13329515  0.24465519 -6.52121254]
Coefficients after iteration 68 are: [ 2.45634646  0.32289756  0.12412675  1.10902214  3.46351835  3.02575116
  1.96208448  0.54791741  0.33426121  0.17483096  1.17814109 -0.26530297
  0.54107957  0.12564936  0.24208503 -6.51597831]
Coefficients after iteration 69 are: [ 2.46626282  0.32206011  0.12355775  1.10788951  3.45749874  3.02130633
  1.96443859  0.54756002  0.24368932  0.18115353  1.1818146  -0.26577547
  0.53773762  0.1332297   0.24444662 -6.5211616 ]
Coefficients after iteration 70 are: [ 2.45673337  0.32284886  0.12409673  1.10899569  3.46333393  3.02561344
  1.96218257  0.54784545  0.33152619  0.17495851  1.17821408 -0.26533224
  0.54092319  0.12591828  0.24218259 -6.51614267]
Coefficients after iteration 71 are: [ 2.46601213  0.32211566  0.12358461  1.1079451   3.45769315  3.02141818
  1.96438298  0.54752556  0.2464688   0.18086451  1.18162225 -0.26579717
  0.53782243  0.13293392  0.24432753 -6.52096348]
Coefficients after iteration 72 are: [ 2.45706313  0.3228201   0.12408281  1.10896311  3.4631568   3.0254816
  1.96224948  0.54781067  0.32889939  0.1751068   1.17829867 -0.26535614
  0.54082258  0.12612137  0.24223395 -6.51629123]
Coefficients after iteration 73 are: [ 2.46574576  0.32212581  0.12360716  1.10798217  3.45785429  3.02154893
  1.96431677  0.54750291  0.24908192  0.18062154  1.18150193 -0.2658033
  0.53791748  0.13272935  0.24426473 -6.5208034 ]
Coefficients after iteration 74 are: [ 2.45735275  0.32279238  0.12407945  1.10894043  3.46298625  3.02535795
  1.96231575  0.54776979  0.32644246  0.17521548  1.17837575 -0.26539208
  0.54073629  0.12632079  0.2422959  -6.5164174 ]
Coefficients after iteration 75 are: [ 2.46551075  0.32213821  0.12363035  1.10801688  3.45800777  3.02166709
  1.96425683  0.54747617  0.25151322  0.18038369  1.18137707 -0.26581595
  0.53800478  0.13252148  0.24419835 -6.52064906]
Coefficients after iteration 76 are: [ 2.45808538  0.3225023   0.12424699  1.10900232  3.46250716  3.02549148
  1.96224714  0.54716984  0.3231781   0.17376554  1.17819203 -0.26605881
  0.54075198  0.1268873   0.24278408 -6.51651143]
Coefficients after iteration 77 are: [ 2.46530051  0.3220193   0.1237484   1.10818164  3.45805948  3.02188534
  1.96414249  0.54718182  0.2538727   0.17983822  1.18119008 -0.26588605
  0.53849925  0.13222487  0.24419614 -6.52051387]
Coefficients after iteration 78 are: [ 2.45854854  0.32255244  0.12428377  1.10903673  3.46236792  3.02511019
  1.96274293  0.54705688  0.32002075  0.17380075  1.17790432 -0.26614013
  0.54031642  0.12686549  0.24234095 -6.51645447]
Coefficients after iteration 79 are: [ 2.46505286  0.3222608   0.12377041  1.10822165  3.45841427  3.02190735
  1.9640846   0.54723384  0.25729975  0.17974067  1.18088011 -0.26585325
  0.53839283  0.13168995  0.24382026 -6.52020947]
Coefficients after iteration 80 are: [ 2.45875559  0.32260001  0.1242001   1.10891339  3.46224935  3.02498987
  1.962699    0.54724884  0.31741431  0.17454866  1.17824716 -0.26593323
  0.54020923  0.12718164  0.24243691 -6.5167494 ]
Coefficients after iteration 81 are: [ 2.46467042  0.32231217  0.12376362  1.10824445  3.4585909   3.02205811
  1.96401358  0.54733962  0.26028563  0.17958241  1.18082675 -0.26583981
  0.53843     0.13158313  0.24382409 -6.52008437]
Coefficients after iteration 82 are: [ 2.45865784  0.32267184  0.12407526  1.10883947  3.46220998  3.02487419
  1.9626279   0.54755342  0.31560174  0.1757141   1.1787049  -0.26552901
  0.54035421  0.12727183  0.2425499  -6.51700866]
Coefficients after iteration 83 are: [ 2.46445054  0.32219279  0.12375377  1.10821378  3.4586881   3.02220591
  1.96400694  0.54733409  0.26214364  0.17934161  1.18082851 -0.26586232
  0.53841606  0.13162467  0.24390874 -6.51998418]
Coefficients after iteration 84 are: [ 2.45883637  0.32265151  0.12406431  1.10883033  3.4621256   3.02475007
  1.96265329  0.5475487   0.31393984  0.17575959  1.17875426 -0.26557486
  0.54029957  0.12733342  0.24259111 -6.517068  ]
Coefficients after iteration 85 are: [ 2.46429572  0.32220304  0.12376255  1.10821418  3.45879012  3.02228707
  1.96395792  0.54734838  0.26376467  0.17920401  1.18077299 -0.26585877
  0.53846615  0.13150399  0.24387776 -6.51990327]
Coefficients after iteration 86 are: [ 2.45934114  0.32245154  0.12418036  1.10886991  3.46180545  3.02483589
  1.96261772  0.54712905  0.31173424  0.17474888  1.17862384 -0.26603089
  0.54030511  0.12771428  0.2429132  -6.51712195]
Coefficients after iteration 87 are: [ 2.46416183  0.32214219  0.12383919  1.10832427  3.4588381   3.02242276
  1.96387661  0.54714855  0.2653482   0.17883614  1.18063061 -0.26591204
  0.53879467  0.13128852  0.24385736 -6.51980838]
Coefficients after iteration 88 are: [ 2.46033723  0.32221679  0.12424986  1.10896953  3.46189236  3.0245487
  1.96289944  0.54652807  0.30845262  0.173798    1.1778004  -0.26660874
  0.53991075  0.12729593  0.24216335 -6.51678225]
Coefficients after iteration 89 are: [ 2.46350941  0.32229857  0.12383444  1.10821865  3.45893018  3.02252234
  1.96378259  0.54765053  0.26779097  0.18016126  1.18121381 -0.26523846
  0.53891378  0.13145698  0.24386466 -6.51996976]
Coefficients after iteration 90 are: [ 2.46073191  0.32233444  0.12417909  1.10898632  3.46161268  3.02440645
  1.96298798  0.54642999  0.30469842  0.17385804  1.17772459 -0.26677066
  0.53976355  0.12748398  0.24225802 -6.51691272]
Coefficients after iteration 91 are: [ 2.46331554  0.32234851  0.12386774  1.10823362  3.45924298  3.0226738
  1.96361631  0.5475766   0.27119591  0.17972765  1.18094703 -0.26531909
  0.53900269  0.13113785  0.24367492 -6.51976527]
Coefficients after iteration 92 are: [ 2.46149393  0.32220345  0.12415688  1.10902546  3.46188673  3.02415456
  1.96272836  0.54602772  0.30130399  0.17346595  1.17751439 -0.26713923
  0.53972734  0.12750288  0.24198863 -6.51691708]
Coefficients after iteration 93 are: [ 2.46171244  0.32254224  0.12393641  1.10817849  3.45953222  3.02306054
  1.96372515  0.54826652  0.28141567  0.17948911  1.18145042 -0.26501432
  0.53880298  0.13120354  0.24437769 -6.51967541]
Coefficients after iteration 94 are: [ 2.4623075   0.32238857  0.1240262   1.1089215   3.46086174  3.02352286
  1.9631497   0.5465441   0.29044331  0.17552552  1.17835101 -0.26634047
  0.53987653  0.12815641  0.24236074 -6.51776232]
Coefficients after iteration 95 are: [ 2.46218723  0.32232102  0.1240235   1.10888287  3.46071978  3.02343548
  1.96327605  0.54661062  0.29031296  0.17560426  1.17848469 -0.26633222
  0.53963611  0.12834885  0.24240809 -6.51791179]
