Central server contains 9600 number of records
First node contains 642 number of records
Second node contains 643 number of records
Coefficients before iterations start are: [ 2.16358     0.22843066  0.36183711  0.86910588  3.50070821  3.00057885
  1.82560385  0.53803323  0.45747878  0.27306922  1.1601112  -0.11292471
  0.62010708  0.32833225  0.27338948 -6.33305999]
Coefficients after iteration 1 are: [ 2.44483837  0.08122867  1.22683003  1.84026888  3.82122995  3.93979661
  2.39286681  0.2698883   0.61271261  0.05811887  1.43551225 -0.25341726
  0.36747488  0.32150458  0.37515069 -6.97481412]
Coefficients after iteration 2 are: [ 2.42736053  0.08630971  1.21189033  1.85252353  3.86040858  3.8738537
  2.43091467  0.26667103  0.57950371  0.12046985  1.44012479 -0.18002598
  0.43223667  0.335485    0.3792332  -6.99939161]
Coefficients after iteration 3 are: [ 2.43288954  0.08409089  1.21672516  1.85259336  3.85192253  3.88463632
  2.42869781  0.26497945  0.58702985  0.11267914  1.45260735 -0.19706675
  0.42090826  0.33779737  0.38737988 -7.00173855]
Coefficients after iteration 4 are: [ 2.43625733  0.08482585  1.21905201  1.85264034  3.85524395  3.88328489
  2.43028253  0.26357686  0.58640253  0.11320062  1.45194269 -0.19183109
  0.42261029  0.33769702  0.3862829  -7.00499976]
Coefficients after iteration 5 are: [ 2.43681301  0.08462339  1.21952251  1.85301325  3.85478051  3.88404542
  2.4306941   0.26405146  0.58655581  0.11317793  1.45249288 -0.1930736
  0.42231714  0.33731635  0.38725744 -7.00554267]
Coefficients after iteration 6 are: [ 2.43681301  0.08462339  1.21952251  1.85301325  3.85478051  3.88404542
  2.4306941   0.26405146  0.58655581  0.11317793  1.45249288 -0.1930736
  0.42231714  0.33731635  0.38725744 -7.00554267]
