Central server contains 900 number of records
First node contains 4992 number of records
Second node contains 4993 number of records
Coefficients before iterations start are: [ 2.16358     0.22843066  0.36183711  0.86910588  3.50070821  3.00057885
  1.82560385  0.53803323  0.45747878  0.27306922  1.1601112  -0.11292471
  0.62010708  0.32833225  0.27338948 -6.33305999]
Coefficients after iteration 1 are: [ 2.36897046  0.26501928  0.28959433  0.82869183  3.46199204  3.0261747
  1.80084784  0.55272387  0.4005475   0.52110797  1.07196667 -0.10530724
  0.63992646  0.30203123  0.22472577 -6.3668157 ]
Coefficients after iteration 2 are: [ 2.38071487  0.26885023  0.28460883  0.83264016  3.4671514   2.99221905
  1.79893156  0.52968688  0.4205439   0.52589563  1.06247511 -0.11858761
  0.66521293  0.31844626  0.23522675 -6.38711156]
Coefficients after iteration 3 are: [ 2.38817674  0.26885548  0.28343933  0.8252984   3.46485064  2.99879332
  1.80036175  0.53861068  0.42436899  0.53459535  1.062608   -0.11413393
  0.66250013  0.31199313  0.2307855  -6.38885488]
Coefficients after iteration 4 are: [ 2.38874855  0.26940433  0.28319916  0.82562284  3.46619487  2.99679127
  1.79881948  0.53597275  0.42557497  0.53401792  1.06336569 -0.11471562
  0.66312315  0.31346075  0.23168418 -6.3900651 ]
Coefficients after iteration 5 are: [ 2.38954361  0.26928101  0.28302946  0.82573176  3.46512162  2.99650212
  1.79929493  0.53655515  0.42619835  0.53372677  1.06287047 -0.11486098
  0.66345022  0.31364938  0.23230923 -6.39037804]
Coefficients after iteration 6 are: [ 2.38954361  0.26928101  0.28302946  0.82573176  3.46512162  2.99650212
  1.79929493  0.53655515  0.42619835  0.53372677  1.06287047 -0.11486098
  0.66345022  0.31364938  0.23230923 -6.39037804]
